gene	conMean	treatMean	logFC	pValue	fdr
ADGRG3	0.10689339842539	0.275488841628062	1.36582112806111	1.08178791243713e-32	1.61650022344177e-31
SPIB	0.289361272797327	2.99415334043875	3.37120435431034	8.52241793070782e-69	2.9568811695215e-67
CD1D	0.529777856013363	1.28267540755011	1.27569668235948	7.94126764989667e-68	2.68274259531557e-66
SEPT1	1.44948452227171	3.45637647572383	1.25372043915645	5.72218985099326e-52	1.32031115826594e-50
CCDC88B	0.887768911224944	2.22088204142539	1.3228766755652	9.36636672952157e-60	2.59338165857988e-58
POU2F2	0.548959176481069	1.60502821759465	1.5478278893575	1.43342309633556e-91	9.6387464492164e-90
SULT1B1	0.100892206848552	0.272015383710468	1.43087350317842	8.47642068427263e-13	5.29626267622185e-12
ARRDC5	0.0714569391380846	0.248169142623608	1.79617771933387	1.7146749257051e-73	6.72581239607825e-72
CD1C	0.700551600964365	2.52556085777283	1.85004058126207	2.62441358508767e-49	5.72787391576862e-48
TRABD2A	0.118772363051225	0.380186669621381	1.67850877124454	8.72161266075765e-76	3.61166839831551e-74
APOC1	27.5452580400891	67.7322982138085	1.29803997051356	1.10283534231814e-56	2.85745648970173e-55
LILRB5	0.246490510447661	0.70444239077951	1.51494962206051	5.61885198632896e-54	1.36329568554899e-52
PSMB9	6.69388355567929	19.5999594966592	1.54993531324604	2.13670586860858e-77	9.17094941356284e-76
CCL13	0.555743625501114	3.49507578592428	2.65283233836545	1.57855556151291e-70	5.74504718662985e-69
KLRB1	0.765578004654788	2.85146862202673	1.89708387081141	3.321259050268e-85	1.78325091440435e-83
ITGAL	2.79695261247216	7.44177353006681	1.41179067559273	1.03441465304916e-71	3.87452766994886e-70
GPR65	0.820663038953229	2.14716940200445	1.38757413410388	1.16345062585417e-94	9.22982375712738e-93
GPSM3	8.12413125167038	18.3910570178174	1.17871894759075	5.41697293713419e-85	2.87567950546135e-83
VNN3	0.0785322450089087	0.198031406505568	1.33437220532484	8.89743166115008e-15	6.64765251254499e-14
CD80	0.251159986997773	0.672594701380846	1.42113077079245	1.28060526972447e-65	4.15710965834006e-64
ACSL5	3.96040603162584	8.28366594654788	1.06462102859019	7.85413345499537e-51	1.76887110873987e-49
MPEG1	4.31346316325167	13.3938058062361	1.63464741540174	1.09729831986228e-99	1.139334527557e-97
SLC26A9	0.132332846775056	0.36755092357461	1.47377294462701	1.80837745769145e-18	1.69900852162748e-17
P2RY13	0.954016356258352	2.42528387454343	1.34606771567311	2.47085951136434e-58	6.58320889810865e-57
ABI3BP	1.33896249839644	3.28900730995546	1.29653666033862	1.10312050555882e-37	1.86552870167618e-36
CD300E	0.329188376042316	0.921310347416481	1.48477382260416	1.6103058922364e-53	3.86063319257559e-52
HLA-A	236.594393184855	485.432599443207	1.03685511148442	2.50085009908181e-57	6.60084191572603e-56
CD300LF	0.758118356347439	2.07078133652561	1.44968021812546	1.45379630884565e-100	1.62929029184202e-98
ITGB7	0.422124098253898	1.34939335111359	1.67657186090598	2.3973463344103e-75	9.78408311797915e-74
CMKLR1	1.96620973075724	4.33988448953229	1.14223942575651	5.41905808580015e-69	1.89412176310851e-67
GRAP2	0.314597372982183	1.00330027817372	1.67317492658169	1.54347716054344e-81	7.38828507933353e-80
PSORS1C2	0.502216298048998	1.70674950347439	1.76487057898872	0.0147194012372208	0.0220861401414085
AIM2	0.328711371069042	2.22547462694877	2.75921978309567	3.01906363876011e-95	2.4786161420309e-93
SERPINB9	2.61866148634744	5.58818327037862	1.09354976128328	5.63283138961686e-77	2.39581964014397e-75
PTPN7	0.676301463407572	3.06018816792873	2.17788198489263	2.12932905524826e-123	2.73347778083279e-120
IL7R	1.68154377768374	8.06662420868597	2.262178709389	3.18786826124551e-86	1.75843311394718e-84
CD68	0.41156101636971	0.921401195768374	1.16272313560383	9.59460905909628e-52	2.19943952148537e-50
PIK3CG	0.523114450935412	1.60780509216036	1.61989399506409	6.91746382577136e-72	2.60484017823246e-70
BIN2	1.39808016525612	4.33395122271715	1.63223582989861	4.60807074231769e-119	3.09859842629848e-116
CDX1	0.159752746708241	0.348190025612472	1.12403413921789	7.3817050190987e-30	1.03205006509597e-28
EVI2A	2.81708768886414	7.13877476169265	1.34147201176549	2.9980896988108e-94	2.28843376415715e-92
MMP8	0.0785126171224944	0.173228313937639	1.14167833442069	1.24855248352908e-08	4.82639190252235e-08
SASH3	3.14170907394209	11.5416662516704	1.8772300219414	8.62948502505538e-130	6.09284790194035e-126
CD8B	0.809736495278396	3.02414508930958	1.90100295017272	1.94887123607596e-79	8.79233569476953e-78
BCL2A1	1.86786760285078	8.6885500674833	2.21772324392262	5.91730738489007e-83	2.92161879657457e-81
MS4A1	0.360130672445434	4.39595177758129	3.60958317571873	1.21617363316028e-63	3.74969167551448e-62
ADGRE2	0.426435276993318	0.972876189977728	1.18992942621238	8.58593920619488e-61	2.4345792676843e-59
GPBAR1	0.157891015634744	0.328616166191537	1.05747437422442	2.86097253679626e-51	6.47432583206731e-50
CLDN18	0.0488595713719376	0.13744678686637	1.49216006843183	0.00546037575004108	0.00883027553439419
IL7	0.287149552721604	0.641263969821826	1.15911603540529	1.16693148846623e-44	2.28547011770203e-43
HTR3A	0.103069864498886	0.429607655616926	2.05939712230176	9.91085406195212e-15	7.37361276126585e-14
CARD11	0.793224577461024	2.83468382873051	1.83738654652005	6.96818325886414e-111	1.7890493781531e-108
FAM92B	0.13114752642539	0.304645856621381	1.21594252173671	3.37882333508645e-21	3.57932215414522e-20
CXorf65	0.13489379518931	0.425578123318486	1.65760000246489	1.09674607667824e-51	2.50196306119118e-50
CCR2	0.598586880400891	2.65559886391982	2.14940467592466	6.52459549855023e-89	3.95424090279089e-87
ITGAD	0.105234760599109	0.284562816812918	1.43513583356507	1.26423539587677e-39	2.23162384607195e-38
RSAD2	5.94046975924276	12.4283774091314	1.0649890313719	2.13152619921732e-34	3.31855363386414e-33
TNFAIP8L2	2.3468883752784	6.07064925167038	1.37110159516135	5.00379842784602e-107	8.94413134172325e-105
CCL22	1.66629526469933	3.84411398997773	1.20600705068254	1.35992945841919e-55	3.44149890364469e-54
GZMB	0.687369198634744	5.86831214305122	3.09378850148352	2.946528953321e-89	1.8090406673846e-87
TRIM22	6.24715069777283	14.1955492605791	1.18416843449771	2.80700413083822e-69	9.88471454652531e-68
HAMP	0.321219654171492	0.660474035812918	1.03994167975348	1.27293520564591e-39	2.24408464905442e-38
IL16	0.967237487171492	2.60633574097996	1.4300808746345	9.30876844491813e-85	4.90481788099585e-83
MCOLN2	0.7876969122049	1.79254757757238	1.18629888582753	7.28770321989603e-57	1.90221177759985e-55
JSRP1	0.372174128396437	1.05948021939866	1.50930697733783	2.05351310446019e-29	2.83180259258617e-28
KLRK1	0.0552075795345212	0.186877525385301	1.75915481986275	3.20224454195795e-53	7.65125129898278e-52
VSIR	3.73627206636971	8.13531636525613	1.12259893788418	1.16437155698516e-78	5.17046879125391e-77
KLRG1	0.415752018708241	0.9697981844098	1.22196128420155	3.58736877574135e-52	8.35927961753195e-51
TRAT1	0.179733439162584	1.33021151838753	2.88772491809471	6.31560002262453e-99	6.23654460975391e-97
RGS18	0.328434400668151	0.938846533028953	1.51528410454975	9.62192337624305e-84	4.86993476687914e-82
CCL8	1.78460033389755	5.99550274583519	1.7482797192621	3.38527434562462e-53	8.07490862070359e-52
CXorf21	0.95724710623608	2.73408088351893	1.51409262453945	1.80751999963226e-95	1.50141117145924e-93
GPR25	0.0419060730690423	0.18643103481069	2.15341080165022	3.38623903689286e-39	5.92528890210212e-38
CD2	3.37170264893096	18.4575487282851	2.45266175180014	2.81903289955447e-113	1.0207067583233e-110
SLC2A5	0.479431340512249	1.31623835812918	1.45702464453748	9.67312094612201e-58	2.56274185516302e-56
CCL21	5.92798976300668	21.4265787565702	1.85378664775757	8.6691962500054e-32	1.26857741187903e-30
ARHGAP15	0.539954794365256	1.53749434966592	1.50967057515674	4.165284294612e-109	8.91181507942667e-107
C11orf21	0.100149023768374	0.457420213518931	2.19137176209838	6.23401052663851e-90	4.00138466575738e-88
FLI1	1.60885358730512	3.33722758886414	1.05261703683644	2.4774596389711e-78	1.09325648630972e-76
ICAM1	9.07133574365256	19.1826977037862	1.08041871723393	4.03064304092009e-53	9.59809618563787e-52
SAA2	2.24588398210913	4.62326569329621	1.04162887192304	2.26203929066738e-15	1.75410526213696e-14
HIST1H3I	0.0458050406013363	0.147112078530067	1.68333742978683	0.01028556084739	0.0158596205204187
FDCSP	142.387806718864	308.186310779109	1.11397717330108	9.90427671757329e-21	1.02988432642748e-19
PTGER4	1.55157913296214	3.54249531069042	1.19102866495873	1.87289230507962e-74	7.51338415909924e-73
RUFY4	0.128567578213808	0.480756735296214	1.90278019552382	3.64195419145718e-46	7.37848423781447e-45
CAPN6	2.96368073685078	6.686505694951	1.17386242754772	7.30690458456157e-12	4.11899399754866e-11
IVL	0.357354266503341	0.959124537398664	1.42436314103573	0.0001162863824588	0.000250393413647563
PARVG	0.784935213452116	2.18331408262806	1.47587419779544	1.92515395179249e-115	9.06169965108725e-113
C1QB	36.7798760178174	114.04485752784	1.63261287294492	8.9240129405413e-106	1.34059560354663e-103
WIPF1	4.61886753452116	10.7669625122494	1.22100022937261	2.82791350742054e-94	2.18212932449647e-92
EPSTI1	2.55874564899777	7.14533473207127	1.48156485371397	3.260997252511e-84	1.68060373002583e-82
KIF21B	0.507434540423163	1.17631615300668	1.21298222843646	1.34347434703715e-55	3.4059607279195e-54
CD180	0.896321808908686	2.34892427282851	1.38991149771991	2.00729762297238e-77	8.64178345548566e-76
SNX31	0.0525451496057906	0.118889931525612	1.17799704062289	4.34413578433147e-05	0.000100169074804939
VCAM1	3.71570690244989	11.4099801182628	1.61858766722104	8.6146254253442e-62	2.52379928695613e-60
FUT7	0.0980639189599109	0.492139899020045	2.32727416135303	2.32103966446392e-92	1.63877005509475e-90
SLAMF7	1.47401755356347	7.79942689465479	2.40361441290864	2.7423282680312e-95	2.26458581712682e-93
IL12A	0.267870990699332	0.548821022207127	1.03479739215832	3.17899895123546e-22	3.47719939507327e-21
PATL2	0.144430452944321	0.467457063786192	1.69445889429064	4.52458022226879e-71	1.66384368017337e-69
ADA2	7.02292950334076	16.5810200267261	1.23938790240646	1.33119878715995e-75	5.44865451405381e-74
TBX21	0.165512725407572	0.952579616837416	2.5248975358788	2.42948422431678e-105	3.46532795268457e-103
GZMH	0.886443588396437	4.22097468997773	2.25147544980297	1.45742130068906e-88	8.79497700300437e-87
WARS	17.3170931982183	35.5022483452116	1.03571360950593	1.17969383445944e-44	2.30726546210551e-43
FCAMR	0.0212642987839644	0.27808005925167	3.70899510842354	4.47969940203983e-20	4.5346118463229e-19
SLC22A3	0.375583226476615	0.809117757022272	1.10721705048837	1.16484387175067e-35	1.88639414857822e-34
HLA-DQA1	9.88498274966592	35.3885723073497	1.83997320640841	8.55474190082735e-104	1.10827073744572e-101
MYO1F	1.39631379287305	3.75350241536748	1.4266142172768	1.95796436538414e-119	1.38242074017947e-116
SEL1L3	3.10687011291759	7.24025975879733	1.22057952898492	2.73091719350804e-44	5.29715407823173e-43
TAP1	19.2691817817372	49.8744539109131	1.37200573250864	4.21302178341277e-54	1.02572552764779e-52
TMEM150B	0.297331305211581	1.00570333935412	1.7580615303619	1.06581909307559e-81	5.15425733332891e-80
TSPAN32	0.157450808723831	0.423481292694877	1.4273970721553	2.32305747034999e-61	6.70836289137264e-60
GPR183	3.18873342873051	11.1316882316258	1.80361700684028	5.17582536795576e-95	4.15271761482405e-93
GBP2	12.0193363552339	25.0952999821826	1.06205995158422	7.78766245492555e-59	2.0946586957334e-57
TMC8	1.178869822049	4.39399783363029	1.89812974248809	2.82231111538128e-109	6.13136234773832e-107
LBP	8.69486868101559	18.6090243751091	1.09776627674255	8.49429073291871e-15	6.35990877198012e-14
LIMD2	2.47875232605791	6.72519398708241	1.43996175628587	1.78546422182923e-70	6.48137282170966e-69
CD5	0.867760884632517	4.66034387973274	2.42506695157876	9.49695823627812e-110	2.12867535324577e-107
LY9	0.112415751741648	0.629311935233853	2.48493110389531	6.56261855829141e-100	7.128518204741e-98
RGS1	9.1558934908686	20.8543399287305	1.18757506402925	1.15513688840515e-46	2.37088488389086e-45
FCGR1B	0.172393118641425	0.393712064922049	1.19143873515618	3.39331245377319e-68	1.16303313494493e-66
CCL17	0.716207023585746	2.64468643002227	1.88464810601779	6.71675483083221e-53	1.59139756654667e-51
GNLY	0.625839538641425	3.51056590044543	2.48783889891321	4.3617619124472e-84	2.23972508966061e-82
MCEMP1	0.129361127309577	0.324117814309577	1.32511416063475	1.92521656066602e-17	1.71088628402548e-16
CD27	1.39009530821826	7.18409071046771	2.36962176557268	2.96676867435751e-97	2.70282196455499e-95
HCK	3.60280821180401	9.19536934298441	1.3517856685081	8.25766765715743e-100	8.8338276505091e-98
ACE2	0.470297622554566	1.64428721426058	1.80581637815158	2.20706027428068e-10	1.05647112315652e-09
CCR4	0.532305642467706	2.26925576592428	2.09189245902885	3.23364464035811e-89	1.97672276911242e-87
NKG7	2.45777840979955	14.8142010405345	2.591554065849	1.14315327009508e-102	1.36800570567904e-100
KLHDC7B	2.57953061759465	13.0650538619154	2.34053259662332	2.58456483047907e-37	4.33967181583769e-36
FCER1G	22.1802751002227	53.2799218708241	1.2643147076116	3.61315633947014e-100	3.98604536481702e-98
SLC12A1	0.109935330160356	0.230335271064588	1.06708024393747	1.77150914863595e-06	5.01513245547078e-06
COL4A4	0.218814678926503	0.524810163741648	1.26208613731122	1.84102573916022e-42	3.44789449107181e-41
P2RY6	0.965162181113586	2.04751324899777	1.08502949599773	1.89256399808661e-61	5.48765836077639e-60
CFP	0.195023446770601	0.561555626503341	1.52578135701905	3.08415487720257e-50	6.85848047574449e-49
INPP5D	1.83683699777283	4.84925074832962	1.40053824917056	6.89385414970357e-100	7.43115377465375e-98
AC136428.1	0.253953757951002	1.5464259766147	2.6063000491201	3.9504222339429e-35	6.29615263719048e-34
ADGRG5	0.201076459750557	0.696996482739421	1.79340718224255	3.37748525455782e-67	1.13017699714718e-65
PILRA	2.39950743697105	5.38210931180401	1.16543340821157	8.1423762895229e-88	4.81081571482648e-86
PIM2	6.86343628285078	17.2280094253898	1.32775304857565	2.8554247307512e-50	6.35985057144128e-49
CXCL11	2.73545416910913	15.0589183496659	2.46076585844313	5.27192287513675e-74	2.09114671123051e-72
CD6	0.696515726859688	3.14834768463252	2.17636703883256	1.36893720886259e-105	2.01362107566132e-103
RUBCNL	0.673738980824053	1.4240647064588	1.07975302325626	3.12012053446362e-54	7.63591370314745e-53
CLEC4G	0.0447911762561247	0.151119600997773	1.75440433942671	1.98879966522878e-24	2.33837136325525e-23
KIR2DL4	0.0462342843162584	0.285934703759466	2.62865076808337	2.83382244286357e-57	7.46574752158143e-56
EMILIN2	1.51329735077951	3.56107834899777	1.23461868407641	7.13715013390493e-80	3.26160831847481e-78
CD14	22.8211685011136	49.8468868708241	1.1271307424756	1.8764647807081e-61	5.45217266839076e-60
LCP1	23.1339707772829	49.8712313140312	1.10819490808517	1.63882919235948e-59	4.51109298738952e-58
TNFSF14	0.180134658723831	0.676294074743875	1.90857492483633	7.29016114367944e-93	5.25226354642334e-91
S100A7A	1.5506064590735	3.31082848403341	1.0943596948953	3.01834331706917e-08	1.10334004608682e-07
ZBED2	0.146273360826281	1.0392097391314	2.82874790024443	1.07690395375626e-83	5.43105740392577e-82
FASLG	0.238294453752784	1.24743056643653	2.38814223692144	2.94612144151826e-89	1.8090406673846e-87
CLEC4C	0.0284898146414254	0.221969001944321	2.96184007729339	2.35335611701235e-66	7.76442563746061e-65
TRPM8	0.122631985910913	0.326735463643653	1.41378772838302	3.48521302738235e-13	2.24827287161563e-12
FGL2	4.1786512596882	12.9586928886414	1.63281093957965	1.12896830417718e-92	8.05159667842725e-91
TRAF1	1.58457871714922	3.84275066035635	1.2780400388397	3.87697212192938e-72	1.4677405719508e-70
LRRC25	1.64961065100223	3.81904740734967	1.21108727595332	9.31328814228747e-100	9.81439864606279e-98
OLR1	4.76328129144766	9.91365098129176	1.05746072004545	1.0278125821095e-44	2.02141246127692e-43
CD163	4.31896795701559	13.5360289487751	1.64804604083254	3.90494892305078e-75	1.58453401558621e-73
MMP20	0.121073244565702	0.248622886256125	1.03807902006058	7.23458100145805e-12	4.07985296811458e-11
JCHAIN	71.82082309098	170.984760290869	1.25139365281957	5.19876531491098e-38	8.85546019443401e-37
SLA	1.47592473140312	4.29195904454343	1.54001716012043	1.65456701266876e-112	5.19203128575457e-110
KRT81	25.606830708735	56.8010681518486	1.14938935471518	4.24020569124442e-08	1.51853777748066e-07
S100A8	46.2138973659466	133.120438116036	1.52633341984942	1.94467074767312e-30	2.75709795460764e-29
LILRA6	0.264676488042316	0.621279204187082	1.23101172251145	2.60519747567015e-54	6.3868044364476e-53
TSHR	0.056642262285078	0.151152031505568	1.41604957638076	1.17473544930598e-42	2.2147448971495e-41
NFAM1	1.30574793804009	3.11542229376392	1.25455130752356	3.41033567922165e-79	1.53367357090092e-77
CYSLTR2	0.210300368131403	0.436295535902004	1.05285433687821	1.27397629527582e-52	2.99830321093164e-51
IRF8	1.78574523717149	6.22876949955457	1.80242091189526	2.1203689464217e-111	5.7580249793117e-109
IL6	0.779390142982183	2.05284442250111	1.3972067042193	2.45156177788666e-28	3.24751443391534e-27
THEMIS	0.212017050276169	0.88148758442539	2.05575995954991	1.60892914381029e-89	1.00976393065534e-87
APOE	73.8488201247216	175.897900579065	1.25209148720415	2.41407225422345e-54	5.92854161771988e-53
IL2RG	3.79105206481069	20.4961169933185	2.43468044066262	2.11198240404509e-120	1.86395647047004e-117
SAMHD1	15.5011313407572	31.9693106614699	1.04431412275701	1.26205898204553e-84	6.57621213485791e-83
GAPT	0.937482570657016	1.95349944681514	1.05919707320046	3.99725764046983e-35	6.36361613766341e-34
ACAP1	0.663463815790646	2.50271260601336	1.91540294087021	1.03063462996181e-95	8.87414122542117e-94
HCST	2.68411259621381	9.11822352316258	1.76430758308603	2.39591514689284e-92	1.6666363442992e-90
WNT10A	0.377324720596882	0.834351624565702	1.14484889124428	6.8835187739249e-61	1.95972114126197e-59
AQP9	0.658815241975501	2.00959888686414	1.60896173228333	8.09256103332016e-26	9.98907817757989e-25
KCNA3	0.196810413253898	0.865422980244989	2.13659887446374	1.60991390324333e-74	6.47680747227894e-73
CCL11	0.791972566013363	2.0906885011804	1.40045576465499	1.28113283854589e-42	2.4121169084142e-41
CNR2	0.0316496403563474	0.248416790770601	2.97250167912132	1.28908819376454e-62	3.84845970066577e-61
IL22RA2	0.188565126496659	0.498465915592428	1.40243197190658	9.18712764378697e-35	1.44628126485971e-33
JAK3	1.00875931153675	3.66424091670379	1.86093237031825	8.02019050156436e-98	7.50020596507221e-96
IL1A	0.08300115055902	0.264510911877506	1.67212399881521	3.53706943533441e-19	3.41634456199434e-18
AGAP2	0.578272497171492	1.24062456859688	1.10124520676734	2.13069980075617e-72	8.10986843301291e-71
SMPX	0.0561360162583519	0.177055497518931	1.65720304918681	0.000307538733764298	0.000613190702541742
LILRB4	1.81027626993318	5.935060144098	1.71305276304792	6.18729525138752e-106	9.4968256787873e-104
TLR8	0.28086209630735	1.33731248438753	2.25140276945605	1.52321533816021e-95	1.28798346048864e-93
SP140	0.353251292182628	1.56721027238307	2.14943201597223	7.78997568897032e-112	2.24494381028469e-109
PRAM1	0.405398591469933	0.876600908685969	1.11257909809654	5.11147672723147e-68	1.74767948826236e-66
PPP1R16B	1.06137869071269	2.88437616347439	1.44231983551841	8.05230084530381e-59	2.16172129727253e-57
CXCL1	1.10694881050557	3.11256330244989	1.49151467061741	1.75858481179677e-21	1.87986193242863e-20
ZNF831	0.0746910468908686	0.437941304817372	2.55173030055626	1.72632488933219e-95	1.44245170190887e-93
CARD17	0.156288456414254	0.634002725100223	2.02027781773152	2.82529791315629e-55	7.09893804834163e-54
CLEC4D	0.0306287363340757	0.304893974378619	3.31534988739159	7.67466918461995e-52	1.76504891785046e-50
CEACAM4	0.0653791589175947	0.225599688106904	1.78686235068513	8.53115315802258e-72	3.20394717405417e-70
PI16	2.30167697808018	5.15425607918486	1.16307883948612	9.26424425371575e-18	8.39130167458115e-17
SNAI3	0.454708366815145	1.01376857282851	1.15671489009199	2.79588511926312e-65	8.9933243209828e-64
CCL24	0.0805964911581292	0.456766040022272	2.50266645594874	3.62393684133153e-28	4.77365784854874e-27
PTPN22	0.590257083073497	1.98905626347439	1.75266873158424	5.44835772115081e-100	5.96405111475741e-98
SLC9A9	1.04142067505568	2.40079617371938	1.20495997117127	1.96032941845843e-82	9.57848156333962e-81
CRTAM	0.219863838064588	1.04072321253898	2.24290418237003	2.52194173874242e-111	6.71930930052485e-109
LILRB2	0.780598386703786	2.58322309042316	1.72651985559738	5.89964977200889e-117	3.08551683076065e-114
PRF1	0.851714415033408	4.52948177082405	2.41090432509556	3.98122958890683e-104	5.25410682476199e-102
TF	1.92748827994209	4.29237238242762	1.1550531538605	1.74061289500901e-06	4.93359989771622e-06
PLA2G7	2.48041047146993	6.98054688173719	1.49276118171273	1.37312777832322e-52	3.2262790944596e-51
ITGAX	1.81144199131403	4.84265027839644	1.41865821320745	1.06992622799046e-96	9.56229637054005e-95
ORM1	4.70720879485523	10.7659356079955	1.19352994928706	0.00144213381858006	0.00257613809641607
CD70	0.306380460077951	0.79663380454343	1.37859241072915	4.53992354615399e-52	1.05268079466733e-50
TM4SF19	0.175176431648107	0.458435654091314	1.38791056487191	1.16037835185669e-08	4.50404142566474e-08
TFEC	0.518103642783964	1.69246960668151	1.70781729384111	3.21242442627301e-94	2.43885189910759e-92
FCRL2	0.0448359651893096	0.390081543131403	3.12104737801152	1.08464727985354e-60	3.06326084776237e-59
UBASH3A	0.23838957618931	1.22749877291759	2.36432852325438	2.80279050970971e-103	3.53376828460811e-101
CTSS	12.6243517550111	38.7983862138085	1.61978733683111	1.45379630884565e-100	1.62929029184202e-98
B2M	424.891920111359	862.241070824053	1.02099537440128	5.16726799029709e-77	2.21112094821167e-75
FCRLA	0.167585065612472	1.22121421741648	2.86535079693137	2.00960139333103e-69	7.11217575820237e-68
SLAMF8	2.57089138619154	9.67613665523385	1.91216248335951	1.17809257947129e-99	1.21429527844628e-97
FXYD7	0.0881500487461025	0.212280747249443	1.26794025984745	1.94451673569136e-34	3.03409069886162e-33
JAML	0.445659618518931	1.81520646414254	2.02611950318577	4.11423408324977e-103	5.0962367973307e-101
TNFRSF8	0.189632950770601	0.639218583140312	1.75309968056133	5.26287652679171e-94	3.93212060501723e-92
PTCRA	0.0851136925612472	0.304690994387528	1.8398837120808	1.70432887710937e-71	6.33337580885827e-70
GLT1D1	0.0680576365879733	0.156635174427617	1.20257926724026	2.78672181328429e-49	6.07273128478202e-48
KRT86	1.789888928951	4.04881546991091	1.17762982755286	3.77265579529249e-13	2.42263176377104e-12
LAIR2	0.123979173416481	0.524179021781737	2.07996182607377	3.5404557757914e-73	1.37348285741622e-71
P2RY10	0.91230285732294	2.67765108011136	1.55338323720269	4.18120814487423e-70	1.50236234640634e-68
HLA-DPA1	26.8399851781737	80.6441407126949	1.58718584177954	5.54674726096108e-105	7.83256180720314e-103
PTPRO	0.427246914699332	0.865561205723831	1.01856576558786	2.14391835993108e-64	6.69784760189973e-63
FAM129C	0.0707145698908686	0.434657184636971	2.61979859091984	5.40799140828848e-48	1.15009407645243e-46
TRPV2	2.30408912249443	5.51426690868597	1.2589725787228	5.58862636667048e-108	1.09606934616325e-105
S100A9	216.495525349443	479.688967603563	1.14776205245542	2.37612990223226e-29	3.27030510228282e-28
FCRL3	0.0954197810089087	0.824995497979955	3.11202596614599	3.30096593177386e-85	1.77911984437323e-83
MEOX1	1.28332452423608	2.695522191951	1.07067874511513	1.17403852762515e-20	1.21811888674465e-19
GPR15	0.127913517616927	0.447121991187082	1.80549977185278	2.36321175090165e-28	3.1363640163987e-27
PLA1A	1.15766920282851	2.60709406481069	1.17121956613974	3.2159060304208e-34	4.97391117804733e-33
XCR1	0.102880971601336	0.461387065714922	2.16500138826239	7.56041035371439e-74	2.97383160459055e-72
LGR5	0.427664155164811	0.885534751516704	1.05007063230258	8.59725073529621e-06	2.19136782731259e-05
FABP4	24.8198329791537	54.5247091687082	1.13541676251406	5.78794288681644e-09	2.33318702554196e-08
ABCD2	0.127691052665924	0.375615520329621	1.55659923729225	4.16373208674777e-62	1.23262181964288e-60
LGALS9	6.80265544766147	14.7813265211581	1.1196058231037	2.05297830153199e-72	7.83516394484682e-71
ARHGAP25	1.50717930868597	4.38076086191537	1.53933039844999	8.16783989852005e-118	4.80575280029173e-115
GIMAP1	0.929644941648107	2.20494373741648	1.24599012416289	3.68577542488062e-69	1.2914847338645e-67
CHIT1	0.712154076271715	4.84594992849889	2.76651818733851	4.52321382772364e-31	6.53091027211508e-30
HLA-DRB1	155.561490534521	469.316046013363	1.59307482391489	4.73815729171105e-108	9.4235942417256e-106
IRF1	5.71042648374165	13.050860298441	1.1924745082694	5.32167868939232e-74	2.10496988159409e-72
CCL18	2.20568612383074	11.0154163223497	2.32022461148984	1.81389137007485e-45	3.6229080674437e-44
SHISAL2A	0.178133860365256	0.464836926035635	1.38376290360044	9.00077597033367e-53	2.12541734911508e-51
SIGLEC7	0.4875190044098	1.22612690200445	1.33057793914351	2.19459562628099e-89	1.35920547538219e-87
PTPRC	2.67512830198218	12.2205974579065	2.19163482793732	7.05921387111446e-112	2.12091827817037e-109
HVCN1	0.982182074387528	2.2509452325167	1.1964685576342	5.59424317332824e-87	3.17254248395856e-85
HLA-B	355.250260668151	773.131559910913	1.12187822314318	4.08269675754609e-63	1.22924863354602e-61
ERVFRD-1	0.0450453435657016	0.221482115621381	2.29774032346576	5.12877693293377e-06	1.35522939876418e-05
MNDA	3.09677060267261	8.59581640467706	1.47287015157682	1.61360944190811e-100	1.79415582119562e-98
CD300LB	0.228816460579065	0.609578183674833	1.41362043050845	6.45726091599202e-53	1.53248708226426e-51
IL1B	0.965818035300668	2.25646824514477	1.22424316672964	3.10962598840078e-37	5.21508652995337e-36
CASP5	0.0549281641893096	0.211019253385301	1.94175665637613	6.82701706316056e-55	1.70025234477761e-53
CD28	0.421273353986637	1.52890986636971	1.85967478637212	1.86142565298268e-92	1.32086390179741e-90
IPCEF1	0.198254922783964	0.570858775879733	1.52577719367688	4.14905076800663e-80	1.92094248836136e-78
APOL6	7.07340559576837	14.6568488886414	1.05109807402988	1.05386627108116e-51	2.4080332708636e-50
SPOCK2	2.53519496347439	8.53147975122494	1.750699294246	2.40960851326257e-96	2.1266301134863e-94
FCGR1A	1.16227644832962	2.7487001545657	1.24179628155916	1.89955155988974e-74	7.59874435614816e-73
IKZF1	0.867854984498886	3.32843953496659	1.93932006155772	2.19367263724756e-113	8.15180297646652e-111
ALOX5AP	7.0384039298441	14.8936892360802	1.08138094346538	6.30943509531123e-65	1.99765769015448e-63
RETN	0.219623009755011	0.443991554432071	1.01550302156873	7.55640499638668e-17	6.44737129631277e-16
P2RY14	0.453205143786192	0.965462043140312	1.09105530560793	3.35341592954e-54	8.17851232142217e-53
AKNA	2.21644618195991	5.15659245434298	1.21816969569662	2.97941285955554e-84	1.54110948680527e-82
FYB1	2.21437751224944	7.9330760233853	1.84097917742368	5.47858545802708e-107	9.67038815660005e-105
STAT4	0.465829977126949	1.5559962701559	1.73996321400366	5.37574552578541e-94	3.99531066155872e-92
LILRA5	0.37364243091314	1.06824483928731	1.51551214513055	1.00060140774655e-76	4.23038696969731e-75
ADGRE5	4.37884502427617	9.48852073273942	1.11563279662466	1.13983673932698e-71	4.25810439048579e-70
HLA-DQA2	9.03912543824053	32.418702660735	1.84257125835054	2.25917090307143e-45	4.49954193544029e-44
CYBB	6.86331212628062	23.2745320579065	1.76177529076861	1.5343964862342e-94	1.20373404345073e-92
SLC7A7	2.36999156636971	5.81415670155902	1.2946880298267	1.03148154688512e-98	9.97640474216766e-97
APOBEC3G	1.44038060467706	4.06946890356347	1.49839044589045	2.62813520497443e-87	1.51477131548751e-85
XCL1	0.239074326971047	0.808651207861915	1.75805835084395	2.04205135697096e-73	7.98775823041189e-72
BCL11B	0.584285124164811	1.40791905690423	1.26881992994146	1.70198786178894e-59	4.66675157210129e-58
SIM1	0.156284116347439	0.545487282351893	1.80337440143633	1.13245203445241e-11	6.26375055953877e-11
PIK3CD	1.66426820289532	4.62570487305122	1.47478527500409	6.96705592453453e-98	6.55878644735681e-96
C5AR1	3.19138546080178	6.61103098663697	1.0506924065455	9.34713834916739e-61	2.64510903063312e-59
TLR6	0.776883591536748	1.55972380690423	1.0055202357569	1.70021072483471e-41	3.10189607821588e-40
RASGRP2	0.372807901135857	1.33452304342984	1.83981987564005	4.28176976843692e-62	1.26491361715686e-60
CD84	1.25811261832962	3.96964273741648	1.65774810358485	1.12570255276723e-89	7.12827163570675e-88
SBSN	2.03025211551893	4.72651271138307	1.21911724347491	0.000489452279611943	0.000946140402518857
GBP1	7.82802823986637	28.7463334298441	1.87665708762126	3.0627796688861e-81	1.45621251529766e-79
SRGN	26.7123886525612	81.5857733184855	1.61080861211723	4.31423168304344e-113	1.52303163990641e-110
PDCD1LG2	0.948695725567929	3.05697214209354	1.68808605303414	1.18453497622113e-95	1.01374656964961e-93
LIPG	0.299040368465479	0.688708948890869	1.2035541712987	7.64736052684461e-30	1.0681343026664e-28
CCR5	1.39118107004454	6.02800605634744	2.11537065943559	8.82180873893113e-120	7.32780948249685e-117
S100A12	0.213443102783964	0.434474989665924	1.02542158743039	6.55320449539157e-25	7.83554620486235e-24
GIMAP7	5.48331788864143	14.8343170824053	1.43581749230375	1.63493183374292e-72	6.25660499303083e-71
ICOS	0.254404046694877	1.67662771042316	2.72036885461107	1.45409259173372e-97	1.35087115051789e-95
TNFRSF1B	5.77507573496659	16.8632152806236	1.54596786729733	3.03462800451006e-121	3.06085586083475e-118
TLR10	0.221241537380846	0.969764593623608	2.13201230918085	7.42370000525339e-68	2.51995355226402e-66
CCL2	7.36343461314031	19.2836595567929	1.38892810347522	1.47452533390212e-64	4.6168009401401e-63
TNFSF8	0.594373237305122	1.62333061603563	1.44951579407385	2.01460579906541e-85	1.08997120645987e-83
HLA-E	122.183946436526	266.741720979955	1.12638874987407	3.97324046322623e-91	2.64651549911404e-89
CD8B2	0.217812290467706	0.522821767839644	1.26323384629069	2.5847068487238e-15	1.99992577593582e-14
TLR4	2.35995987639198	4.90823222939866	1.05644117931339	1.08907070514903e-60	3.06961425696796e-59
RASSF4	1.86182530668151	4.89296139888641	1.39399018870776	2.1056561808836e-89	1.30986656080429e-87
EVI2B	4.13014589688196	14.0406358886414	1.76534362489479	1.74808263440699e-117	9.49410572325427e-115
APOBEC3D	1.17974451953229	2.56322247416481	1.11948423287537	8.10888033790711e-52	1.86187803661116e-50
NLRC5	1.91291040155902	5.25162591826281	1.45699485325698	1.16834428888669e-79	5.32199667850611e-78
HLA-DMB	4.96272682538975	14.9293781826281	1.58894912922451	8.63140670856832e-119	5.42746806512427e-116
LAT2	1.90293956302895	4.00852848195991	1.07484298246987	1.6635506093855e-86	9.24842447052466e-85
KLRC1	0.0952546496302895	0.278244459505568	1.54649153925754	2.46301507725534e-60	6.90084045752434e-59
CH25H	1.00017732318486	2.19657072605791	1.13499715204688	1.29925360808134e-33	1.97915428260158e-32
EGFL6	1.16900283077951	3.05904728541203	1.38780398420786	3.50019169861241e-29	4.77547893488945e-28
CPVL	4.04336543697105	9.05101215812918	1.16252253573938	5.1987973925281e-83	2.584937252813e-81
AOAH	1.19528146895323	4.21193088752784	1.81713137479532	4.16502643069287e-112	1.27857257016987e-109
NLRP3	0.500325313786191	1.22412474654788	1.29081223390732	4.46482048025287e-80	2.06038333338728e-78
IGLL5	7.06516877559688	41.111758423853	2.54075515011971	6.03318518040326e-46	1.21190784259949e-44
CD48	2.02583246057906	8.92602403340757	2.1395028250639	1.92940728356201e-121	2.09578155778301e-118
C1QC	43.3568057772829	120.742945478842	1.47760852254127	4.59808460125646e-103	5.64604805689935e-101
LAT	0.084699951376392	0.173318522601336	1.03299279751547	3.96825364601538e-28	5.21747762899285e-27
ITGB2	7.02424948552339	21.9774802427617	1.64560999603868	1.11162327701224e-110	2.6605478465576e-108
PTGFR	0.418443718964365	0.843595838218263	1.01151838566582	3.60413830784578e-20	3.65880927714524e-19
IL2RB	2.8521392986637	8.14351574231626	1.51360732866052	2.91950599080571e-94	2.24056217913953e-92
FAM20A	1.26895497690423	3.20112343028953	1.33493742339449	4.6999137088661e-65	1.49813727952366e-63
CELF2	2.11033293652561	4.59796769799555	1.12352570718795	2.33372511140823e-65	7.54108290576559e-64
MATK	0.692047572819599	1.48702090904232	1.10348181300407	1.02790769901179e-45	2.05596099401494e-44
APOL1	16.6263292449889	38.4211593830735	1.20843136781934	8.31664583399167e-76	3.46227145582865e-74
NCR3	0.19626766285078	0.860521246726058	2.13238832031726	2.09296906268656e-82	1.01913159083438e-80
CAMK4	0.248720509512249	0.499690964097996	1.00651065287976	3.77711988378713e-49	8.20564767368585e-48
KBTBD8	0.296934934636971	0.691538980868597	1.2196637383608	8.26238959437441e-63	2.47188990385934e-61
CD274	0.685444221759466	2.01064780467706	1.5525492178252	4.84783342285099e-71	1.77808456530075e-69
ETV7	1.71327219603563	4.64186152538976	1.43794910754685	1.33292468469692e-48	2.86924229765323e-47
GABRE	0.703009595329621	1.48488745643653	1.07873730369114	2.34480789008489e-14	1.68332649801163e-13
DPT	13.7537135955457	27.7309505153675	1.01167585888557	1.18794491138203e-30	1.69444142359855e-29
VPREB3	0.604598493674833	2.87619227173719	2.25011083261924	1.37337875853575e-34	2.15243967250647e-33
MMP9	27.2423666033408	95.9685097601336	1.81670905173162	4.20893641831841e-25	5.05824605643185e-24
HLA-DRB5	50.8551595634744	164.391828195991	1.69267252867266	1.00784516705031e-72	3.87786964684399e-71
GIMAP5	0.12025474535412	0.382342390534521	1.66877133643414	1.28767556420988e-75	5.28583332622317e-74
TAP2	3.85346564988864	8.54179791314031	1.14838323554491	1.19532022675412e-54	2.96124858280613e-53
CD4	7.47449751447661	22.7094610289532	1.60324496638868	1.55856176997441e-126	4.40169015076173e-123
ICAM3	0.251432856469933	1.13688788331849	2.17684489259587	1.03326828291455e-99	1.08079862392862e-97
SIGLEC10	1.22240061530067	3.4101281169265	1.48010876697568	4.53969983274146e-96	3.93282830295351e-94
FCN1	0.25257165018931	1.24444675229399	2.30073988267637	3.73575343484398e-78	1.63827870352273e-76
CYTH4	1.4701738311804	4.15878568997773	1.50017559484399	1.23325233077863e-114	5.44211130091407e-112
NR4A3	0.718011565178174	1.52630050331849	1.08796004575338	2.05050325561349e-37	3.45115095024054e-36
DCSTAMP	0.18739462842539	0.571593632240534	1.60891024493164	6.55710882115199e-33	9.81897493780353e-32
VNN1	0.451103602071269	1.51573384026726	1.74848573031391	3.76019077346737e-63	1.13456525453275e-61
CD79A	2.23755972712695	17.0490074454343	2.92968965343246	7.34296135713417e-64	2.26892685610704e-62
CCR8	0.342453646011136	0.997361029064588	1.54220711181662	1.77552003475456e-66	5.87169049432533e-65
FBXO39	0.108775425734967	0.228075364672606	1.06815796039712	9.64217141316117e-15	7.18507137336406e-14
CD200R1	0.217411393358575	0.679628760623608	1.64431935976907	5.68853182561063e-84	2.88948769458445e-82
CXCR6	0.454238946525612	2.14033407951002	2.23631268755972	3.03190941446274e-102	3.59778091106121e-100
SAMSN1	1.58235271024499	4.5045708077951	1.50931843779148	2.08736950052884e-105	3.00772905275181e-103
VMO1	1.82013381022272	9.00806002360802	2.30717192409778	1.9916808874925e-21	2.12581449828281e-20
AC119396.1	0.15711943457461	0.474976538485523	1.59599461018422	6.40127212312178e-28	8.38519143326555e-27
RARRES1	14.4952711572606	43.0513158167038	1.57047501112989	3.0560661638368e-38	5.2563593543897e-37
GP1BA	0.287725169064588	0.876912385790646	1.60774127921716	4.86680024733065e-35	7.73049339623803e-34
VSIG4	4.46660025812918	10.7784205394209	1.27089673186046	3.1960317605515e-54	7.80815994649615e-53
HK3	0.626192389064588	2.3199812830735	1.88943528742528	9.22099847052589e-67	3.07098394816736e-65
PSTPIP1	0.470203550267261	1.98426128752784	2.07724467511851	1.07606625567359e-112	3.53375153403878e-110
CSF1R	6.97301940601336	17.118176518931	1.29567362780512	7.06095787170832e-90	4.51166452970105e-88
LYL1	0.867671136280624	1.81872693719376	1.06770871093286	3.43566336790688e-52	8.01900866416745e-51
OSCAR	1.68384676859688	3.62869257572383	1.10768897832305	4.30413287855819e-65	1.37820091560363e-63
DERL3	3.08723940244989	7.22577735634744	1.22683544030411	1.62897124723908e-35	2.62288517471643e-34
SLAMF6	0.669757688685969	4.20593213786192	2.65071442944145	2.04094780673544e-105	2.97115711122795e-103
TNFSF13B	2.56002315077951	7.89324868374165	1.62446234646532	4.8435410844467e-92	3.35272763007215e-90
KCNJ10	0.107626032708241	0.439534024142539	2.02994776726697	3.09649812285561e-46	6.28242097598334e-45
GIMAP6	3.64709803385301	7.62381077416481	1.06376333167996	1.99644169554541e-63	6.10211107852743e-62
IL18R1	0.437321467211581	1.01185797659243	1.21024073475743	3.69995988286608e-62	1.09762885516706e-60
CCL4L2	1.77444544524499	4.39999836391982	1.31013476741805	2.980932815619e-53	7.13453428633151e-52
CLECL1	0.212686057171492	0.667654170178174	1.65037555342586	7.37547375695556e-78	3.22442925455014e-76
CD300A	2.3895593	5.10589473719376	1.09541922517175	2.76061051985686e-83	1.37747636575614e-81
C3	36.2032265256125	92.3252123385301	1.35060639571663	6.9090457569053e-70	2.47620901353451e-68
SAMD9L	4.94238269576837	10.9742701469933	1.15084636526468	4.78268072117382e-49	1.03742295643157e-47
APOBEC3C	6.9839222908686	14.3382578240535	1.03776032792869	8.52713613887579e-66	2.78087042533637e-64
GIMAP4	8.24853332583519	20.5839891358575	1.31931307949579	9.71582226474129e-99	9.46187077244219e-97
SNX20	0.607432787193764	2.61627789265033	2.10671909983581	3.92822870367373e-126	9.24508625409612e-123
CD3G	0.402229643113586	2.25025553948775	2.48399753054031	1.25749587751473e-104	1.72399022197917e-102
PLCB2	1.21307315812918	3.00441645278396	1.30841824450299	2.16910621010819e-97	2.00195743744691e-95
ARHGAP9	0.789467130734967	2.99986730757238	1.92594758153672	4.64028955255828e-123	5.46046073097296e-120
CCL5	10.0504718389755	52.8942605657016	2.39584795419544	4.50192080700247e-104	5.88626145515573e-102
NLRC3	0.658384557817372	1.64386230757238	1.32008705837678	2.07678942654901e-70	7.51957525443553e-69
C7	2.62290964727394	5.8464739010245	1.15639866405591	1.26786337290567e-12	7.78412986469607e-12
LGI2	0.553353416124722	1.15860428222717	1.06611480100005	2.12034513115707e-42	3.9605017985541e-41
TIMD4	0.152244571153675	0.663350381915367	2.12338031931976	1.35246248568836e-54	3.33300571734823e-53
PLAC8	0.239048430175947	1.18216128792873	2.30605204604794	1.14400094453936e-76	4.82222010084785e-75
HIST1H2BI	0.0767891648552338	0.26042852169265	1.76191279617289	0.00159443142440738	0.00282602813406007
P2RX5	0.214576118632517	0.571251532873051	1.41263661195638	9.81986943220179e-42	1.80790581815021e-40
ABI3	2.84630138953229	6.00475737639198	1.07701752044901	4.07108817652834e-95	3.28501920804324e-93
OR2I1P	1.4831278511804	8.9865010942539	2.59911654102216	9.72363297073071e-70	3.44993520551981e-68
PTAFR	2.29420325657016	6.16764375278396	1.42672622302197	3.11736611963706e-95	2.54452757083208e-93
CXCL5	0.386408213418708	1.33630336287973	1.7900498952761	4.76909444304361e-16	3.84166472505527e-15
PM20D1	0.0538993675501114	0.118214914988864	1.13307181980308	9.61273175241097e-26	1.18344712359019e-24
MYH7	0.0382904094097996	0.113358625193764	1.56583917555253	1.08575454380711e-18	1.02968031652788e-17
IL2RA	0.602223875746102	2.25412523870824	1.90419586221504	3.89446514908849e-89	2.37041992975339e-87
CTLA4	0.362569052200445	2.0786023985078	2.51928613006195	1.06266052903858e-94	8.47786967827898e-93
NCKAP1L	1.67583922516704	5.46911952249443	1.706424843219	8.8401505203497e-119	5.42746806512427e-116
GPA33	0.0706951799554566	0.169296487830735	1.25986828427727	1.52309779709793e-56	3.93193126011332e-55
TNFRSF9	0.212268570683742	1.01218187120267	2.25350585905068	3.04572726516632e-99	3.07205105081526e-97
HCLS1	4.33343015768374	13.0452562739421	1.58994392829775	2.59336714340473e-125	4.57761717900227e-122
IRF4	0.473098205418708	2.21351164418708	2.22612536929394	1.41300592705667e-79	6.41577385722419e-78
GPR150	0.0728589606302895	0.167835334443207	1.20386815937543	6.52785591090769e-55	1.62861931657116e-53
PPBP	0.0701596978396437	0.158069798530067	1.17184730716029	0.00113129454639393	0.00205943151858047
OSM	0.786678916525613	1.96995166904232	1.32431341078757	1.59107527143934e-41	2.91030750103561e-40
BTLA	0.117155865781737	0.794679809759466	2.76194450155148	9.65133343580676e-92	6.55223458879939e-90
SH2D1A	0.43075536525167	2.69680817917595	2.64631223691542	3.48202738020448e-103	4.35130164919181e-101
EPYC	1.51872377463697	3.31818407022049	1.12753442295788	1.03037212383062e-12	6.39274374367847e-12
IL9R	0.093881593013363	0.304215220044543	1.69617810634643	2.66904423168834e-68	9.17021255369125e-67
FOXP3	1.22697717757238	3.90889082650334	1.67165087703478	2.03546331488247e-87	1.1779826831744e-85
CXCL10	14.9063855051225	87.1853656213808	2.54815551788477	1.15445838810136e-77	5.01603289180902e-76
WDFY4	0.498193328975501	1.6896709935412	1.76196474912545	1.34848544190402e-101	1.5608166332071e-99
ZAP70	0.381972137427617	2.08221668273942	2.44658089705686	1.24389767793059e-96	1.10472195660741e-94
BANK1	0.208342622073497	1.17262588884187	2.49271289687159	3.94178871952729e-61	1.13134143309847e-59
TIGIT	0.367332552149221	2.32870078699332	2.66436662556168	7.2449197464194e-106	1.10005926601278e-103
P2RX1	0.194735843289532	0.61357716298441	1.6557263349922	2.36482915926755e-52	5.53793574759819e-51
RNASE6	7.72437089977728	18.0298746993318	1.22290002592969	2.1671283601879e-91	1.45033268124234e-89
CCR7	1.64779557654788	5.69229405545657	1.78847291658733	3.65543181840651e-85	1.95524063286812e-83
DOK3	1.3525824363029	2.90612190311804	1.10337869582189	5.94724722088634e-87	3.35924312024544e-85
HAPLN3	5.31293935567929	11.6292757084633	1.13017909561406	5.04165271563884e-59	1.36647174659378e-57
G0S2	9.52716873853007	21.1601486347439	1.15123031513597	5.0385789333027e-25	6.04501046025212e-24
IGF2BP2	1.01281346328285	2.12154256363029	1.06674513542716	1.03937818564771e-19	1.03141668022005e-18
TNFRSF13C	0.384332105055679	1.41588856064588	1.88128231909431	1.14486705855748e-31	1.671837407848e-30
MYO1G	0.654050105077951	1.87754898485523	1.52137748165302	2.06226282087744e-90	1.34820431914863e-88
ATP6V0D2	0.421340212320713	0.862248360565702	1.03311786866995	1.14077462350379e-07	3.86396700851452e-07
CCL4	1.58810836035635	5.51445185835189	1.79590813340938	5.97736012748343e-94	4.41917813404154e-92
PLEK	3.95623355545657	14.8244922071269	1.90578318511894	1.06883730869677e-119	8.38502868672616e-117
DPEP2	0.395056212494432	1.0416430363029	1.3987311070416	2.38335629605012e-92	1.66610763646157e-90
LGALS2	1.09581284487751	4.38243603786192	1.99973161503491	5.87323715413405e-74	2.31664753780801e-72
CD300C	0.779950558129176	1.89220857616927	1.27861654614725	1.15231788209893e-82	5.64995861566632e-81
STAP1	0.312586874755011	1.36316177438753	2.12462767812946	5.82366730300075e-68	1.98159050567888e-66
TRARG1	1.65451374928285	3.38847132916481	1.03422728370949	5.0845553177079e-08	1.80127961970279e-07
ACHE	0.38233516147216	0.915385192917595	1.25954107159434	1.05325003128083e-26	1.33749493630545e-25
GBP4	4.13102493407572	16.9388330623608	2.03576281584289	1.05832921287325e-84	5.5350617833271e-83
CD38	0.272413269247216	1.78017014024499	2.70814624991892	4.94712199544949e-85	2.63616263010348e-83
TREML1	0.212319041752784	0.441445502783964	1.05600158104777	2.80251132785264e-45	5.5738397831841e-44
CD209	0.439155521623608	1.34143200521158	1.6109700804367	6.26046927255407e-57	1.63711271477289e-55
MAP4K1	0.989972640311804	3.61452673095768	1.86834620051032	1.00619321997002e-102	1.21439781702536e-100
LAPTM5	38.7601741959911	100.310258708241	1.37182219796101	2.88148256423918e-116	1.45319340320077e-113
SMTNL1	0.230593419423163	0.519430592561247	1.17157964341731	4.3159047262322e-19	4.1515593078423e-18
RCSD1	2.04392092405345	4.74688812828508	1.21564266777468	1.13484584950441e-83	5.70290328855935e-82
GAB3	0.49400625545657	1.27540772360802	1.36835730753927	9.40567500739597e-104	1.20743215254035e-101
LILRA1	0.179291635799555	0.363689819777283	1.02040035708799	1.63824346488743e-50	3.66038543792332e-49
CXCR2	0.097208583701559	0.21177390155902	1.12336918919691	5.20531242247192e-32	7.63308392928698e-31
RIPOR2	0.583789665478842	1.97219748084633	1.75628344254271	2.33372511140823e-65	7.54108290576559e-64
SLCO2B1	2.8475493610245	6.70384143229399	1.23526717436101	7.61699677344381e-77	3.2300183614955e-75
RUNX3	2.84547810824053	6.48238958351893	1.18785464733001	9.41084394581928e-76	3.88568793447117e-74
CD19	0.161834703501114	1.62396337554343	3.32692618187596	8.31468314563417e-65	2.62665862862416e-63
CST7	2.66840263452116	11.4342410824053	2.09931233794072	8.27230249571187e-109	1.74348035137235e-106
XIRP1	0.114699540278396	0.626306811276169	2.44900995980323	2.23536318324481e-61	6.46835317840163e-60
SLC12A3	0.0457951825033408	0.150662406706013	1.71805173564448	3.59182708738508e-64	1.11472945716406e-62
LY96	6.26802583140312	13.645609363029	1.12235379105538	1.78445058723169e-89	1.11496578505746e-87
ROS1	0.0417253893853007	0.362270686926503	3.11807065694941	0.000351060576951243	0.000694749641174275
TBC1D10C	0.755155352516704	2.81506890801782	1.89832486237004	3.95433658111031e-87	2.269885644791e-85
BHLHE22	0.357298888374165	0.94486821096882	1.40298169264634	4.11083455914181e-45	8.15296275416313e-44
MILR1	1.49655042427617	3.25698598195991	1.12189662105433	8.14552738672192e-86	4.45825551270931e-84
BLK	0.0790405575144766	0.675326751654788	3.09492067983214	6.17102374183268e-60	1.71200444515559e-58
AADAC	0.0858730520579065	0.266099950717149	1.63169086980933	4.86825953511852e-12	2.80019115663579e-11
ITK	0.237715754155902	1.42642037193764	2.58508978918334	1.43037270905243e-104	1.9421435600509e-102
CD33	0.363761784187082	0.852337159020045	1.2284302448726	1.2418943064756e-93	9.13374453215726e-92
KLK14	3.03405436322494	16.015636652098	2.40016230844965	0.0164076340607826	0.0243732590545246
MT1H	0.229657882583519	0.689878739420935	1.58685649817019	5.07293966276192e-09	2.06025254466095e-08
VNN2	0.444205281024499	1.45958018467706	1.71625502020664	1.82931652288897e-79	8.27941622426767e-78
ZC3H12D	0.149061349937639	0.559877601625835	1.90920523473156	4.34773270654175e-94	3.26565603984447e-92
CXCR3	0.825403302004454	4.83701739198218	2.55094661021498	7.29728541899809e-111	1.84008870360129e-108
KLRD1	0.0914448984788419	0.318874262619154	1.80201306530266	6.16439503787731e-80	2.82621501070992e-78
SLA2	0.428804850311804	2.13129154879733	2.31333482959453	8.98103866697186e-111	2.22493415818087e-108
HCRTR2	0.0623341521269488	0.128287861837416	1.04128995385626	9.65269207374209e-05	0.000210478172905053
LOR	0.0609257677683742	2.72833459580846	5.48482424685139	4.66952690956904e-14	3.25460955034671e-13
WAS	2.38778966837416	7.52389738530067	1.65580441230447	5.69566779702789e-128	2.68095083206103e-124
IKZF3	1.10226860995546	3.50600476191537	1.66935212094809	2.69383280345936e-66	8.86704266145679e-65
ADGRE1	0.227864115723831	0.515381690734967	1.17746754005489	5.7967213191433e-63	1.74160642016218e-61
PIK3R5	0.779619149665924	2.02563062271715	1.37752968732011	3.02118761914001e-107	5.54054420388001e-105
TREML2	0.0406406497951002	0.238602856120267	2.55361593809737	1.12353728337512e-72	4.31126901590763e-71
CSF2RA	1.38935366057906	3.54103864209354	1.34975870271363	2.09469189223876e-90	1.36309420323979e-88
S100A7	66.3569529648552	185.259406966281	1.48122725447525	1.92139298408466e-09	8.21683535077513e-09
IL4I1	2.04297011380846	7.45182223318486	1.86692515916858	7.76065494152456e-81	3.6408042667531e-79
FCGR3A	16.5790072182628	40.414113701559	1.28550159093842	9.6939455990307e-66	3.15410612451411e-64
LAMP3	1.68456076659243	6.70771623080178	1.99344918588801	9.68149391217762e-70	3.44363666332142e-68
PIK3AP1	2.35828984632517	6.03523055055679	1.35566784003459	1.50525274888422e-87	8.78333639131986e-86
GMFG	5.37462087305123	14.3251396971047	1.41431431267019	1.01369143329795e-110	2.46798909131041e-108
SCARA5	0.508826050095768	1.09592087187305	1.10689919748763	6.14265592926126e-23	6.88963021263688e-22
KLHL6	0.424509078619154	1.49939890400891	1.82051693978749	3.5801777995163e-104	4.81482768637806e-102
HLA-F	9.51965688841871	24.1879135545657	1.34530484670287	2.61707706941073e-65	8.43738477103857e-64
CXCL9	9.3596634401559	81.7896132850779	3.12738908386747	1.06851416020231e-86	5.96382942933471e-85
IGSF6	2.33760778040089	6.07556378953229	1.37798540654825	2.56558537733709e-90	1.66186381254023e-88
TNMD	0.274413610663697	0.683508215603563	1.31660663914356	6.52976951380076e-09	2.60839816985518e-08
PRDM1	2.26330961022272	4.65016459643653	1.03884783044034	2.52051303829716e-64	7.85698998097002e-63
PHKG1	0.566430677728285	2.15767713198218	1.92950769201654	3.32838189346715e-07	1.05357724092467e-06
LCP2	2.080993555902	6.15946855679287	1.56553338199792	6.21281374630338e-127	2.19327857278875e-123
DOCK2	0.940331199020045	3.11457509777283	1.72779446805302	1.29721072773671e-113	4.95078721253245e-111
FOLR2	3.75805757349666	9.89139737772829	1.39618717879449	4.24687451088957e-54	1.03218786520261e-52
SIRPG	0.335255341884187	2.22343103601336	2.72945543241606	5.73234869076564e-107	9.99339455090143e-105
GPR84	0.563429819665924	1.5405794155902	1.45116522817952	2.10954312313708e-58	5.63116416669541e-57
FCGR2B	0.823590350044543	1.87253072962138	1.18499056336016	5.21804637849884e-71	1.90891276970938e-69
CADM3	0.572035444879733	1.3501119695902	1.23890261185751	2.10178960534935e-23	2.38964339912546e-22
TNFAIP3	4.86010373207127	11.8200790267261	1.2821806695566	8.24068934246217e-78	3.59156710508976e-76
CR2	0.303724972080178	2.06178267345434	2.76305483441792	9.52131599068904e-31	1.36083505166518e-29
FPR2	0.0614256846503341	0.19357968625167	1.65601362983303	1.35516237726821e-59	3.7375484237118e-58
TNFSF18	0.167616287701559	0.369772725964365	1.14147647084281	7.17084152841263e-28	9.35854466013999e-27
LAX1	0.352696828699332	1.89146754336303	2.42300551184272	1.20847424714403e-77	5.23462111776713e-76
LCK	1.09159506311804	5.56103346481069	2.34891524395953	3.84995464231355e-104	5.12879334944431e-102
RAB33A	0.454769266993318	1.08081101759465	1.24890762016793	4.86251551993262e-79	2.17289815370154e-77
FGD2	0.357756918351893	1.146924755902	1.68071917495808	9.54082583877998e-112	2.69452003338824e-109
CCL20	0.601577271291759	1.61822289238307	1.42758837135326	1.34240075144804e-26	1.69704932956113e-25
CD1B	0.103490829093541	0.65632950188196	2.664917355378	5.38093748335224e-56	1.37403649552291e-54
B3GALT2	0.0662284147817372	0.133563987028953	1.0120088332035	6.32548500757684e-25	7.56967574508411e-24
SCIMP	0.516491863518931	1.70647543719376	1.72420212151294	4.31827312932325e-107	7.81773523835559e-105
XPNPEP2	0.202762330082405	0.472213097345212	1.21964840869826	1.06342077317287e-37	1.80270885209773e-36
SH2D2A	1.0615902335412	2.7661108596882	1.38163197439639	6.23623090351191e-69	2.17436584169115e-67
CCR1	2.98591862895323	8.12806143808463	1.4447364568738	1.7018617130831e-80	7.90525962185739e-79
RASAL3	1.09114020051225	3.62118524365256	1.73062549519641	1.73234436005887e-107	3.30573442005288e-105
LY86	3.94249844454343	8.2652626169265	1.06795047400116	2.50153219039891e-78	1.10044037572034e-76
IL12RB1	0.368367517616926	1.48568283942094	2.01190840877708	2.4557073923208e-124	3.85300489855134e-121
VAV1	1.69373023875278	4.21815420668151	1.31640772371706	1.22930288621547e-89	7.74954734653958e-88
IL10RA	1.848453744098	6.59506482405345	1.83506789822654	3.83986591180189e-121	3.6148497693703e-118
PRKCB	0.329795445008909	1.69198601737194	2.35907426787801	6.83669841315417e-102	7.97859655307025e-100
BTK	1.16292457870824	3.23888573474388	1.47774003783873	2.97544622613625e-110	6.77681873536613e-108
GNGT2	0.516049232093541	1.13725152293987	1.13997075338203	2.3806349944761e-107	4.42328246802592e-105
CD72	0.723098154454343	2.12946533608018	1.55822784633943	1.69759344480326e-94	1.32440425602579e-92
IL32	7.8035771091314	21.6123675367483	1.4696496187907	1.40489908622293e-74	5.66816571330114e-73
CHRDL1	2.7887158893029	5.78318363733185	1.05226295173314	1.17417892845435e-18	1.11129897109275e-17
CD37	2.45964393830735	8.94371926057906	1.86242541931525	1.35256347892058e-125	2.72850698369107e-122
CTSC	5.62878612138085	12.9818740178174	1.20560292491055	9.88220298392255e-71	3.60585499576151e-69
PRDM8	0.212865097737194	0.49008452532294	1.20309117481796	2.96066555076344e-65	9.50171778234785e-64
APOBEC3A	0.232727173026726	1.09018555462806	2.22786213574003	3.09448454072791e-47	6.47366165920279e-46
CLEC9A	0.101786139271715	0.27202668344098	1.41820705841496	1.23099279315253e-43	2.36501350096692e-42
TNFRSF4	1.34466631216036	3.14369881358575	1.22521480194356	1.03346451447559e-51	2.36524350225443e-50
CIITA	0.941458821180401	3.25174450178174	1.78824400672375	1.00031227322271e-96	8.99707618482668e-95
IFI44L	4.37509144438753	9.52843920044544	1.12292674257298	2.79728440233534e-36	4.59842293892635e-35
CYTIP	2.07411204855234	6.14737348685969	1.56747630528348	3.81852468538105e-95	3.09893029208424e-93
C1S	34.9125855924276	77.3867012672606	1.14833845828023	6.43677418005473e-62	1.89361850409485e-60
TBX10	0.378128516249443	1.49073999121826	1.97908009239086	0.00264616633604199	0.00452598290107182
CCL3	2.16240038240535	5.08501764342984	1.23361910767882	4.50937409465082e-51	1.01720242157451e-49
MS4A6A	3.95064419265033	10.1935832583519	1.36750145457088	1.22389216649281e-106	2.03324485682882e-104
NRROS	1.46739379153675	3.00656755790646	1.0348612900946	2.16059569794735e-72	8.20155157277272e-71
HEPHL1	0.13376626922049	0.318923150380846	1.25349445662112	0.00285295833562188	0.00484972007431282
GPR55	0.121971497360802	0.383857998452116	1.65402865568156	4.99657099849176e-60	1.39164850236099e-58
FCRL6	0.213832292122494	0.800533856726058	1.90448267976398	1.5261049824388e-77	6.59025335077012e-76
PNOC	0.120735458957684	0.642699423732739	2.41229473345124	1.58167738068967e-63	4.86598394176881e-62
PDE6G	0.320566621314031	0.921468157238307	1.52331009804983	4.47245895003684e-84	2.28824611715472e-82
PRSS12	0.587666351714922	1.34900943238753	1.19883123502217	8.23433846755394e-09	3.25432671425494e-08
STAT1	46.2670480289532	94.7594540579065	1.03428483299856	1.0278125821095e-44	2.02141246127692e-43
RGL4	0.136013676759465	0.275381962561247	1.01768233850689	1.25617744013974e-40	2.25680427890754e-39
SIGLEC14	0.82771506503118	2.2370637010245	1.43440021724404	3.84835131346612e-59	1.04504940187414e-57
TLR7	1.17354101717149	2.78215601180401	1.24533505523472	7.97639074370349e-57	2.07812940390843e-55
HLA-DQB2	4.98066957478842	14.8434215175947	1.5754120733775	2.82682331061031e-61	8.12985172487336e-60
CCL25	0.0735495351670379	0.190016224815145	1.36933448166526	1.22212522369524e-19	1.20767181832054e-18
MGAM2	0.261031853207127	0.795394318565702	1.60744439033628	0.000106305522476517	0.000230409173882497
AIF1	9.56932256347439	23.9555804521158	1.32387306948935	6.50898891668641e-114	2.55315090257024e-111
CARD16	1.78253712783964	4.37329923407572	1.29478993889024	4.56172750559863e-87	2.60794146180398e-85
SAMD3	0.0811472880489978	0.365038629799555	2.16943435797033	8.53280349153843e-101	9.7170740406463e-99
RGS13	0.0750233694922049	0.15230172767706	1.02152034282433	7.37763242758978e-23	8.24205280933507e-22
STX11	1.14727092828508	2.79451652048998	1.28439257953947	9.49255343954382e-83	4.67053474285011e-81
BIRC7	0.151774604873051	0.315514170552339	1.0557743844949	2.07919676024155e-19	2.03326436643843e-18
MFNG	2.08715877371938	4.86320707750557	1.22036767053769	1.01147290500985e-84	5.30966873295319e-83
KRT1	1.061171256902	17.6136804488241	4.05296698836206	4.94525649621727e-05	0.00011292362060654
FABP7	8.96380879786637	26.4345220499911	1.5602394613271	5.66526817467402e-09	2.28699976828393e-08
MS4A4A	2.45457866302895	6.61241687082405	1.42970227807642	7.91406751136114e-90	5.03398861837525e-88
CD8A	1.50018314184633	6.95955985501114	2.21385743308517	2.34606027696512e-92	1.64819488413057e-90
HLA-DMA	15.9615520579065	42.1942928396437	1.40244693243155	2.05871085470669e-106	3.34150068727738e-104
CLEC10A	0.671334563158129	3.08929281467706	2.20217279594081	5.15744874675508e-68	1.75913849644755e-66
LILRB3	0.242432415055679	0.645790549732739	1.41348371822928	1.79032854966165e-94	1.38907854119627e-92
NUGGC	0.10595823511804	0.514912761358575	2.28083230673651	3.82080154305875e-73	1.47817913943925e-71
TNFRSF17	0.56656452857461	2.75410651737194	2.28127217246507	7.41251959160434e-50	1.63040793073279e-48
SLC1A3	1.78105612271715	4.00771236636971	1.17004599218058	9.20392028721514e-65	2.90108389231618e-63
ACKR1	6.48905025242984	15.18341845398	1.22641739762592	2.37914389670283e-20	2.43272201052431e-19
SLFN12L	0.132766986115813	0.566055348485523	2.09204667540207	5.89498068339294e-88	3.49760597605848e-86
THEMIS2	2.54775012048998	6.70369869487751	1.39573351980938	2.81087673008107e-97	2.57742794191395e-95
SIRPB2	0.429811156481069	1.06649070523385	1.3110965562678	3.13914247217328e-81	1.48253614881468e-79
MAL	0.741792597140312	1.52216834026726	1.03704014341107	2.03542997971889e-63	6.20784162928951e-62
ZNF683	0.451144200955457	2.22103149064588	2.29956930165107	1.6965262797358e-85	9.21409522928817e-84
GZMM	0.579396288619154	3.16831162523385	2.45109189295044	8.84999072701272e-87	4.97891310980664e-85
IL18BP	1.91897759064588	5.08093845879733	1.40475712588091	2.02297636472931e-99	2.05514023354983e-97
CD226	0.123008372498886	0.415382565077951	1.75568414780199	1.35764542844472e-94	1.07102296620491e-92
ORM2	2.80690749180401	7.03863172138085	1.32631348538862	1.84404320509161e-06	5.20794681981972e-06
FATE1	0.192573128200445	0.4822106055902	1.32425697900402	4.02469336457573e-10	1.87134326641995e-09
PYHIN1	0.207396968494432	1.22102762728285	2.55762913182573	2.53722355410911e-106	4.07137884176986e-104
CD3D	2.16474033730512	13.1262213991091	2.60018578448214	4.82999000644672e-114	2.006008496501e-111
IL15	0.314206821224944	0.688991718262806	1.1327721407811	6.4663503801501e-69	2.24904762852462e-67
AICDA	0.010559977389755	0.290000133162584	4.77937491187861	1.84933715468558e-34	2.88877101341981e-33
POU2AF1	0.418669157737194	2.38094337919822	2.50765076500385	3.14989692501673e-57	8.28299710952723e-56
LY6D	4.95510906706459	11.0949697930312	1.16291702160353	4.99481718282819e-09	2.03027672535167e-08
CD96	0.539893917447661	2.74802886636971	2.34764929056655	1.05650447301652e-106	1.79745779077907e-104
MSR1	4.13658605723831	8.35522963385301	1.01423888345283	7.89561691623439e-47	1.62527706230533e-45
MIXL1	0.125217317407572	0.348294635654788	1.47587415398012	1.95433171793073e-33	2.96743206332256e-32
CSF3	0.0397637267884187	0.135732955657016	1.77124616388982	2.04306403929886e-08	7.63634391184203e-08
LPXN	5.12169942093541	11.7657735100223	1.19990167733818	2.66950275499913e-106	4.23551105655536e-104
UBD	3.33447074300668	16.89739137902	2.34127084439446	3.73451142505526e-60	1.044258135311e-58
HLA-DOA	4.02135060200445	12.7435937572383	1.66402015389601	4.29372730593798e-99	4.30012221894682e-97
MMP7	24.4892308753853	56.1614945531403	1.19743386432816	1.34317940149655e-21	1.4412641587031e-20
LILRA4	0.344278537071269	1.20823930514477	1.81125807597681	1.66654197926216e-59	4.57845122357217e-58
FCRL1	0.0413313187861915	0.602198790570156	3.8649325080189	5.63525320729125e-60	1.56644508937322e-58
MUC16	0.451193026293987	0.931676865514477	1.04608490076333	2.98086649569435e-08	1.09048745558808e-07
LST1	2.20944617750557	5.80190816035635	1.39284267176864	1.15658982704726e-106	1.94431011282552e-104
IGLL1	0.0352229787082405	0.391386312538975	3.47400447918591	1.84019984099915e-27	2.36877501866445e-26
IL33	2.57415402506904	5.20545983138085	1.01592723146982	1.0771552085068e-20	1.11841975730327e-19
DNASE1L3	0.229217356942094	0.570722640262806	1.31607350219237	6.09535254147392e-33	9.13720522698017e-32
EOMES	0.238883157026726	1.35926348930958	2.50844810332922	1.01447304884129e-91	6.8542458960229e-90
MMP12	2.19885120107795	5.81455081222049	1.40291776582828	7.53710563959335e-17	6.43479254756334e-16
ACY3	0.570564187037862	3.15605162443207	2.46765970379191	3.61176348675873e-31	5.22558526603689e-30
CALHM6	2.58803484391982	9.22187513429844	1.83320309041746	3.10050578933924e-93	2.26850996120515e-91
CD40	3.62149614432071	8.28572865701559	1.19404273605981	8.83804349576304e-88	5.20008384181958e-86
SELP	1.5622443261804	3.48603032283519	1.15796501816226	3.54743570032954e-24	4.143369687705e-23
PNMA5	0.128946986216036	0.329245993723831	1.35238783136644	3.04120282945741e-13	1.97538294180166e-12
HIST1H4C	0.217997148329621	0.496303028262806	1.18691199456579	0.0352230026804168	0.049143762558064
SPNS3	0.190258582057906	0.41359560908686	1.12025933812078	1.1276110168708e-41	2.07330666266049e-40
LSP1	7.66256965345212	17.7741654075724	1.21388163095833	1.58985810081212e-81	7.58458994647566e-80
CLLU1OS	0.105274575077951	0.438109476169265	2.05713436769783	1.24602352153493e-19	1.22956660709956e-18
KCNAB2	1.37412496481069	3.17401920801782	1.20779764807911	1.05981996616893e-92	7.59681103668602e-91
CD74	336.819709420935	978.796524944321	1.5390324174205	2.15582834671397e-110	5.07374201399133e-108
UTS2	0.068191315830735	0.269900314824053	1.98476673089454	1.48796809524626e-48	3.19325189558852e-47
CCL19	8.29964826138085	49.302253836637	2.570531498915	1.88945790479411e-52	4.43206562684346e-51
AMPD1	0.135928571276169	0.302276396835189	1.15301959811545	2.60606681583951e-30	3.68740175415528e-29
LYN	3.84102106636971	8.40017128285078	1.12892886885955	1.99290839876469e-78	8.82189952945335e-77
SELL	5.23635507394209	12.4918832683742	1.25435615917355	4.18268004448346e-79	1.87503571136987e-77
DOK2	1.32838521714922	5.0509440064588	1.92687947538799	5.04400781985252e-111	1.31900804489143e-108
FAM78A	1.01076298685969	2.77875569977728	1.45899426221013	4.28046884972483e-116	2.08429312506774e-113
PTGDS	3.8301507811804	18.0281280238307	2.23477650744856	3.9110779210254e-52	9.08360712546047e-51
IL12B	0.0411455368752784	0.219958171585746	2.41842134656133	2.71793101072426e-73	1.0572976254115e-71
GFI1	0.24717775036971	0.900802959153675	1.86566268137481	1.15350863719279e-87	6.75879479908688e-86
SHISA3	0.0836449832405345	0.301630539420935	1.8504315859431	1.31726306196785e-12	8.05938981717851e-12
GSDMA	0.290195616285078	0.617395192327394	1.08916852257371	6.56783035147441e-28	8.59539688537258e-27
HAVCR2	3.14216411202673	7.37950451670379	1.23176541933457	6.6356234484769e-98	6.28870058496257e-96
APOBEC3H	0.289530748175947	1.05373912605791	1.86372926778635	5.32327895251097e-92	3.66683034577597e-90
P2RY12	0.479492002398664	0.95965362647216	1.00100702695812	1.28071171789156e-26	1.62051345594505e-25
TESPA1	0.291662881841871	1.21191894988864	2.05491951817533	7.5253621714099e-92	5.13360575954006e-90
IFI16	10.9214953899777	23.2193716770601	1.08815852691021	6.50464625187448e-73	2.50962048422731e-71
IL21R	0.388806364454343	1.69946127173719	2.12795374528959	6.67456539081031e-99	6.54524568636336e-97
GZMK	1.11695283766147	7.17194594610245	2.68279634427338	1.31126388495068e-95	1.11544321201136e-93
CD52	8.74734686035635	58.3926285033408	2.73886884693775	5.3425364943742e-103	6.5036170549188e-101
GPR82	0.15902409896882	0.341175841870824	1.10127008305885	5.77332087690629e-36	9.43577130819372e-35
CCL7	0.406538669265033	1.07013941826281	1.396334273222	2.0841700609813e-21	2.22117474951826e-20
PENK	0.145691774599109	0.374088966741648	1.36046198746596	1.80045934256603e-07	5.92364547445827e-07
C2	3.0887507701559	6.36619583073497	1.04340807116164	2.49432946912885e-69	8.80560660839212e-68
HLA-DRA	288.317011002227	911.092560579065	1.65994166926965	9.53386271867684e-118	5.38510701801743e-115
HSD11B1	0.911741349376392	2.91845483494432	1.67850823030064	2.48722501762228e-61	7.16777642323351e-60
CD53	9.77393678173719	33.6153017483296	1.78210642169326	2.92825943407304e-131	4.13499514685454e-127
SPI1	6.28284953273942	16.799802545657	1.41895334190273	7.39416309867181e-112	2.17527035659051e-109
CPNE5	1.03978772694877	2.12910617438753	1.03395886428539	5.40268433258094e-46	1.08987579229108e-44
CLEC4E	0.287175041599109	1.41855072741648	2.30441546734727	8.33632387919935e-76	3.46227145582865e-74
CA4	0.158597175721604	0.334601949868597	1.07707877266121	3.36830679313074e-07	1.06526002745351e-06
DOCK11	1.94743456267261	4.0731717766147	1.06457780602064	5.8121345929658e-58	1.54563375870565e-56
SELPLG	6.47732939398664	17.4544648329621	1.43012510649708	6.03244904364148e-114	2.4338346555789e-111
PLA2G2D	0.317497004877506	4.54676837092428	3.84002662243969	5.83790552262906e-80	2.68524638062036e-78
TAGAP	1.26666206391982	4.11036130178174	1.69823353729798	4.71042405505922e-99	4.6842181747529e-97
CEACAM21	0.513899746391982	1.09763727708241	1.09484253782442	2.48020540193376e-63	7.54805613808332e-62
CLEC12A	0.233305542467706	0.685689725501114	1.55533532399097	2.44036332282634e-73	9.51943935956651e-72
ADAMDEC1	1.29834663366147	7.62709689443207	2.55445842115092	6.56770194779009e-66	2.15179858943721e-64
TLDC2	0.282720006971047	0.581229029621381	1.03973277994054	1.70341734007961e-71	6.33337580885827e-70
MS4A6E	0.0246618979510022	0.12083558536971	2.29268964518646	4.74038971400084e-09	1.93130534193323e-08
CALCR	0.103525625060134	0.23902093822049	1.20714909040244	1.76288457345305e-12	1.06428786069818e-11
PRR26	0.0428203972962138	0.101130333064588	1.23984569805199	9.51890636328188e-07	2.81559440209266e-06
NCF1	0.389796037839644	1.44460508129176	1.88988381885539	1.679216760036e-108	3.38745998120977e-106
TOX	0.504102405146993	1.55138780316258	1.62177062170809	2.3259734713647e-74	9.27826875399461e-73
MAP1LC3C	0.27320051881069	0.590786780222717	1.11267732058437	1.93903434105654e-24	2.28366171226517e-23
GZMA	2.55946766902004	13.5891153142539	2.40853584851487	9.60965520301643e-105	1.3303719717823e-102
P2RX7	1.15581062694878	2.35595448418708	1.02740662756431	9.09138414018885e-55	2.26020132823251e-53
MMP1	9.88084754837416	29.8934389541648	1.59712217270135	2.77549721945491e-11	1.47674439472203e-10
CARMIL2	0.470933902690423	1.00445385358575	1.092814794001	3.52270037261126e-42	6.55389353908348e-41
TNFRSF13B	0.0593675570601336	0.360539170732739	2.60240935600926	5.95174174955433e-61	1.69786960091832e-59
SIGLEC9	0.776765842783964	1.72528023095768	1.15127904588009	3.18586849794024e-81	1.49958830198047e-79
CD69	0.994787002494432	3.62331836525612	1.86485201162085	1.14778847376752e-81	5.5317136648707e-80
PLD4	0.730255945612472	1.56011893550111	1.09518191260477	7.94816139181767e-31	1.13829601433932e-29
ASGR2	0.108543794066815	0.267409390957684	1.3007728882922	2.65167000918191e-76	1.10781752069993e-74
RAC2	8.77027860044543	24.2710854899777	1.46854405464528	2.94803091487499e-88	1.77145295952978e-86
IL12RB2	0.461525161603563	1.04150890297105	1.17419396327788	2.44353956968765e-41	4.44654926076795e-40
LYZ	35.8432834320713	174.770141507795	2.28568402261939	5.00046531205506e-87	2.84724075288425e-85
NCF2	3.51958830244989	9.01481680178174	1.35689149159079	1.66316054795488e-87	9.66481073978225e-86
ANKRD44	0.822016604721604	1.66743324966592	1.02038956717451	1.55984454627731e-53	3.74601442822821e-52
GNG8	0.231017931403118	0.633256929844098	1.45478612302148	3.8464128634636e-39	6.7138684851631e-38
CLEC17A	0.085546895518931	0.440455622717149	2.36420926478577	5.25947666028292e-50	1.1640920050134e-48
CLEC7A	2.05428669777283	4.70658916080178	1.19604438606173	5.8890888132443e-82	2.85772588081865e-80
GLYATL2	8.65771887546993	24.5018037166548	1.50082909738075	9.16011703536154e-05	0.000200232217734273
UBASH3B	0.641082448864143	1.34061014097996	1.06430793498356	1.44518686802777e-56	3.73763438890479e-55
CD1E	0.449857352908686	1.66152012772829	1.88496426095497	7.24961954090281e-52	1.67001431545006e-50
FCRL5	0.108084772167038	0.733740190948775	2.76310603243046	1.30766188237937e-57	3.45795757323578e-56
TXK	0.104023080657016	0.357199669576837	1.7798270766324	4.43258382961204e-57	1.16127117361691e-55
C16orf54	0.702350082494432	2.71801327037862	1.95229028166843	8.44730745249733e-105	1.18103394590807e-102
CD244	0.137533287042316	0.511226814498886	1.89418267454531	7.14094677823707e-92	4.89501502211095e-90
MEFV	0.0824353967483296	0.178847952939866	1.11739775449737	8.41965606894495e-43	1.59589212549761e-41
PAX5	0.0973732562093541	0.701127323552339	2.8480789667546	1.52362314606769e-49	3.34085131143196e-48
OR52N4	0.0466909142538975	0.14061523169265	1.59053913482132	4.0968532750987e-33	6.1544324571988e-32
BATF3	0.419221812249443	0.849750857683742	1.01932613020305	8.83889171468993e-62	2.58414057770469e-60
LEP	0.970087365977728	2.08518457519376	1.103988505745	2.66394997936345e-07	8.54752048593303e-07
HLA-DPB1	42.8270969621381	127.640895233853	1.57549483991487	9.97694740015064e-113	3.35439224375065e-110
KRT2	0.0639248873095768	0.180040954973274	1.49387550488274	2.82307495961782e-13	1.84217382184673e-12
FERMT3	3.95329669755011	12.3060058775056	1.63823444714419	2.11640092202565e-123	2.73347778083279e-120
CD3E	2.09616232374165	12.2066708579065	2.54184743926704	1.68243604222572e-111	4.65836850044498e-109
LTB	2.05945429822272	12.7287020556793	2.62775129875846	8.91895854498706e-79	3.97301620232689e-77
NCF4	2.56647411291759	7.15134078173719	1.47842604478778	1.52236373489069e-119	1.13143675265218e-116
LTA	0.202224925962138	1.16475027148552	2.52598792882571	3.92247033894724e-98	3.74251376055905e-96
TIFAB	0.044015122674833	0.308007166743875	2.80689272624161	3.64548401114964e-94	2.75282779259059e-92
LILRB1	0.698719783830735	2.17745056703786	1.6398540718116	1.28495204928485e-114	5.49842663271254e-112
IFNG	0.0722317985746102	0.733138743964365	3.34338025012738	8.12546612143787e-81	3.79932804969616e-79
IL18RAP	0.0929487525790646	0.444459412202673	2.25754427026137	5.74369373176031e-88	3.4222235943539e-86
GBP6	0.193553738452116	0.440776305093541	1.18731249745829	8.68247366871822e-38	1.47362032062464e-36
CR1	0.0572585166636971	0.259019563383073	2.1774988652054	4.09785730369418e-60	1.14359373489062e-58
CLDN1	6.98758855211581	14.2299269467038	1.02606168927682	6.23067320761772e-07	1.89008241385112e-06
CSF2RB	1.55766828596882	5.94984167594655	1.93346324285343	3.49017523414444e-96	3.06116549573625e-94
HLA-DOB	1.03897579757238	4.0190782169265	1.95170260678295	1.2293513975424e-64	3.85770468548805e-63
DMBT1	0.0924883046614699	1.60436116962138	4.11658419851835	0.00990239093485915	0.015313948350799
MYBPC2	0.0661958001269488	0.233643293570156	1.81949603558669	1.31649578312782e-29	1.8315504387732e-28
FGR	1.48337013095768	4.20056282383073	1.50170401985179	3.70351466224095e-106	5.81081450505605e-104
TDRD6	0.120697963311804	0.255337661554566	1.08100501482329	3.31397875604303e-35	5.29973884644209e-34
CASP1	3.28091227126949	7.3320605857461	1.16012168913318	5.42095528128206e-77	2.3126679615403e-75
SIGLEC12	0.113035463625835	0.437358710935412	1.95204155521545	6.37727510905793e-23	7.1414355126889e-22
TYROBP	30.5586487861915	74.3361984855234	1.2824841583718	3.38686267047037e-102	3.98549064747601e-100
C3AR1	5.21407905033408	11.9452544164811	1.19595322065643	7.4030483188914e-85	3.91529757719346e-83
SOCS1	1.68549431320713	4.46961306035635	1.40697818128024	3.0885223354508e-67	1.03593880995014e-65
FMNL1	2.39140167861915	5.97248317371938	1.32047440738162	1.25797822728905e-109	2.77561102305448e-107
CMA1	0.421217906837417	0.851596002939866	1.01560240876373	8.595112012139e-11	4.32851557501479e-10
CTSW	1.14279448525612	5.4754215635412	2.26040406549599	1.01598638658728e-90	6.67290407674371e-89
MARCO	0.980618065037862	5.51029526930735	2.49036638327271	2.55051927024972e-38	4.39754366485913e-37
FOSL1	1.41571622657016	2.98348582405345	1.07546680878776	4.2357958030619e-22	4.60814118143583e-21
PRKCQ	0.384811586993318	1.3222861223118	1.78081024196064	1.68055386179151e-86	9.30631414994428e-85
IL10	0.223324385701559	0.610758680623608	1.45146166992715	4.98295128770133e-74	1.98209169390508e-72
SCML4	0.0679232557461024	0.395081427244989	2.54017250894725	1.53899297502392e-95	1.29357855954243e-93
LAIR1	1.98863283207127	5.27249709532294	1.40670946407253	8.62131157152451e-115	3.92714647424186e-112
TRAF3IP3	0.559058697817372	1.93973779443207	1.79478997768709	1.35792031711265e-99	1.38950672448897e-97
HTRA4	0.196660973679287	0.561232948285078	1.51288901680865	1.093678266148e-60	3.07646031798325e-59
CTSE	0.160224713104677	0.526041263060134	1.71507928340995	1.5936130090027e-12	9.66641292960787e-12
C1QA	37.8562780512249	119.650185211581	1.6602181496694	1.22681421126328e-108	2.51070195322446e-106
APOL3	4.26325914632517	9.68874723608018	1.18435338232609	1.4849055800678e-66	4.92214828547826e-65
P2RY8	0.841815215033408	2.79321096347439	1.73034905007744	4.05887735875425e-93	2.95440243211179e-91
CYP8B1	0.0523997973496659	0.107304786848552	1.03408129848887	1.49307432406877e-05	3.69241725572243e-05
GPR18	0.205453740868597	1.01101940367483	2.29892518176549	4.94395034424809e-84	2.52034378379521e-82
FPR1	1.36488346563474	3.39064550356347	1.31278217813752	7.66090856176438e-68	2.59423716548381e-66
RASSF5	2.83034636169265	5.78611060846325	1.03161528970635	1.33261459735892e-55	3.38450552685347e-54
MEI1	0.26294303532294	0.912593860334076	1.79522266369814	1.6709936460043e-85	9.11046381282885e-84
RASSF2	3.90916039109131	7.8197936325167	1.0002717557658	2.49118995784848e-62	7.40591439890071e-61
ART3	1.49972642693764	3.12937859534744	1.06117685276735	7.03344011079952e-28	9.18771580061055e-27
PARP15	0.199819829844098	0.946786958017817	2.24434007179833	7.09081642798517e-91	4.67894480278405e-89
ZBP1	0.365170653750557	1.4761945185078	2.01524010256522	1.03001671715054e-75	4.24048573261889e-74
CASS4	0.283745875701559	0.667766907505568	1.23474517688119	9.31259179732252e-87	5.21837733214251e-85
HIST1H1B	0.197227284008909	0.524662765567929	1.41153126304985	0.000111041508946807	0.00023997813710405
BIRC3	2.58592168389755	8.11816975567929	1.65047592497484	1.37021585035101e-68	4.74235735853103e-67
CLDN16	0.0672112379465479	0.180549189091314	1.42561755887892	2.80605597155531e-13	1.83232234321962e-12
CCL23	0.145256498775056	0.436725771046771	1.58812495535582	7.8534933889544e-54	1.9022157829404e-52
TNIP3	0.0836716853875278	0.404353849044543	2.27280694403022	1.16948111781583e-81	5.6170894097542e-80
IFI30	0.257303227060134	0.591658940066815	1.20129622718611	3.50631445049745e-69	1.2316583670516e-67
CD247	0.551264761024499	2.67149594053452	2.27683053807582	9.71066513596224e-106	1.44341370931498e-103
ARHGAP30	3.30559762694878	9.38360638752784	1.50523137454123	2.71381141602129e-110	6.2822509845306e-108
CD79B	1.12516806155902	5.3245110701559	2.24250854740783	6.55649056901729e-64	2.0303553360766e-62
C1orf162	3.01276487572383	7.47034410244989	1.31008661310888	1.56400861285905e-107	3.02539255098392e-105
CORO1A	4.94506907282851	17.3547685011136	1.8112695430517	8.91010773855053e-109	1.85028869670694e-106
TOX2	0.667209600890869	1.33894404743875	1.00488371988043	1.05730250976381e-55	2.69497630692685e-54
BTN3A3	3.60672991648107	7.28712029910913	1.01465741402753	1.8950930002856e-63	5.80490417723058e-62
TMIGD2	0.086559490908686	0.395145665077951	2.19062066202477	8.90191155609238e-70	3.17434073443385e-68
GBP5	0.878861782717149	7.21761092160356	3.03781317641895	3.20449871273293e-101	3.67892083922778e-99
INSL3	0.108936188930958	0.304804228151448	1.48439961426723	5.00898404220194e-47	1.03864704346452e-45
FGG	1.59537937002227	5.29995520136526	1.73208063759425	0.000342649590831132	0.000678809606078341
SOWAHD	0.425744764565702	0.873481688151448	1.0367886694861	2.75691796360362e-52	6.4454368483521e-51
IL15RA	1.83225386547884	4.48662230824053	1.2920103325572	3.36155609150768e-90	2.16751294831872e-88
BMP3	0.0547275495946548	0.166597789265033	1.60603008944151	5.81123982886414e-05	0.000131087088855256
TLR1	1.56586261759465	3.3061250830735	1.07818366621321	1.12986121160521e-54	2.80400178718404e-53
LAG3	0.713811656547884	3.42385629844098	2.26200678621632	2.66439521617058e-71	9.87504589174403e-70
CDH15	0.0832169581113586	0.167244421091314	1.00700862791169	0.000554844645691193	0.00106525645707754
TMEM273	1.05072663167038	2.33026651113586	1.14910759337649	4.4831357136187e-71	1.65290755644934e-69
SIGLEC1	1.64913814536748	4.18394769688196	1.34315256087551	8.6146254253442e-62	2.52379928695613e-60
TRIM55	0.173787787585746	0.632404073498886	1.86351995588735	2.58464779298596e-08	9.51951264599758e-08
C4BPA	0.560793123209354	1.86006621547884	1.7298134166038	1.34841872893399e-05	3.35642885092136e-05
XAF1	1.47272980053452	2.98659868129176	1.02001062556054	7.05895433128616e-39	1.22607003827911e-37
EBI3	0.988340936213808	3.23994708530067	1.71288954913534	5.78047386975449e-93	4.18595238537452e-91
S1PR4	0.453859897884187	2.38074408614699	2.39109362351501	8.53311479260117e-100	9.05985819446023e-98
IL20RB	0.399231805946548	0.89370442701559	1.16257110910715	3.28045341570159e-10	1.54205335163522e-09
SPN	0.817628737550111	3.07653759777283	1.91178981424005	7.90534370670164e-113	2.72271606054473e-110
PDCD1	0.308354273888641	1.83638369846325	2.57420678266754	1.66413477036755e-98	1.59858823757552e-96
IDO1	1.58117440405345	11.7427544044543	2.89270243831729	3.07790256218341e-81	1.45849201612725e-79
CD7	0.78366485247216	3.61547674899777	2.20587719995445	5.4867906015554e-97	4.9666006464464e-95
GPR171	0.310899546817372	1.7897368577951	2.52522706704194	3.76193695517057e-96	3.27915504592368e-94
ZBTB32	0.21287819536971	0.428122827060134	1.00799657519241	1.29027265398144e-38	2.23557547814379e-37
SIRPB1	0.168318053053452	0.529055395478842	1.65222886754702	1.45199033511578e-53	3.49293961195399e-52
HLA-DQB1	14.1512065233853	44.5578183919822	1.65475353658951	5.77137575992039e-86	3.17111272785353e-84
CLIC2	2.92895482427617	6.149630477951	1.07011378218576	3.69513965227221e-71	1.36594416308209e-69
SLAMF1	0.260246862233853	1.50121250766147	2.52817554116284	4.05337436339493e-106	6.28985707532965e-104
CD86	2.10786714743875	6.04579159020045	1.52014730632564	1.62597029250581e-112	5.19203128575457e-110
SIT1	0.70052009922049	3.74766029510022	2.41949183655393	1.93515903940304e-107	3.64351743938804e-105
TDRD12	0.458454456505568	1.06617793566592	1.21759790448344	0.00606474354177354	0.00974402589070249
FPR3	6.09369071670379	17.7484225746102	1.54230262452616	2.33115225697265e-76	9.76801217231774e-75
APBB1IP	2.39974564120267	6.28671594587973	1.38942508214561	1.01548092007335e-106	1.74873244784827e-104
KIF19	0.137818533240535	0.340791384452116	1.3061189547676	2.72765511051771e-31	3.95860409204734e-30
GPR174	0.238905767750557	1.45436242160356	2.60587323879677	1.94021591185046e-84	1.00727165041325e-82
DOCK8	2.09632046614699	4.34247902427617	1.05065960056814	1.08046484756003e-56	2.80464046183735e-55
FCER2	0.0588437537706013	0.931250263893096	3.98420774200121	1.73065234340696e-55	4.36402531093744e-54
SLC15A3	3.83453333741648	8.41038558129176	1.13312093110862	4.38761252411693e-91	2.90880171141104e-89
CCDC69	2.87182006258352	6.35108601804009	1.14503795165644	4.9814606000059e-56	1.27433342631673e-54
CD40LG	0.299801368483296	1.48438792309577	2.30778929471555	4.15721235043704e-88	2.48745744070006e-86
XCL2	0.352976236636971	1.7631915342539	2.3205462365669	1.23210690977127e-83	6.16970981307805e-82
SELE	1.49054042565702	3.08215783587973	1.04810523961215	3.11471651375381e-31	4.51106788622744e-30
PI3	13.0050005544766	28.9271142661247	1.15335594814509	7.25433815208099e-11	3.68881919501389e-10
FMO3	1.40864740558352	3.45747361271715	1.29540770077977	4.01559563582909e-19	3.86795538700836e-18
BATF2	1.66983469144766	4.44464288173719	1.41236221866907	1.69724427229201e-41	3.1004898278183e-40
CD1A	0.613056294358575	1.36547177568151	1.15530803221075	1.32239559819462e-25	1.62520002107104e-24
TCL1A	0.104951944006682	1.73390652218263	4.04622532775913	3.88789446047441e-66	1.27676645758975e-64
DCHS2	0.0877679132516704	0.214046993619154	1.28616206072225	8.13592490766352e-07	2.42583183321614e-06
CLEC4A	1.32429124832962	3.52611497238307	1.41285907024569	1.82836764665204e-106	3.00213715562482e-104
ASB2	0.204164835583519	0.572031887728285	1.48636116737913	5.97734350645485e-75	2.41851196718192e-73
