gene	conMean	treatMean	logFC	pValue	fdr
CIDEA	0.764967247171492	2.23915031704454	1.54948149759095	3.59923190718373e-14	1.55641530272062e-13
SEMA3D	0.367466893463252	0.898446535545657	1.28981837714105	6.22804812121987e-67	3.40558711983317e-65
PLPP4	2.58809305260134	7.06293253287305	1.44837782644734	4.39629272566794e-57	1.51315039727875e-55
LCN6	0.067987396363029	0.164912928959911	1.27836528200623	7.11033394922004e-17	3.72434293879386e-16
SULT1B1	0.100389137211581	0.272518453347439	1.44075075571916	3.29910019499743e-25	2.73132464861784e-24
DMP1	0.0680420135812918	0.276947002594655	2.02511218353944	0.0220299431498321	0.0296972944537907
TMEM200A	1.1967467636971	2.45914952227171	1.03904155231373	7.23997084947311e-79	7.3269585589332e-77
CD1C	0.951610536287305	2.27450192244989	1.25710750345418	1.25264448989363e-25	1.05444518481983e-24
ZFPM2	0.489456682142539	1.31663288565702	1.4276000483355	1.38685528081719e-94	4.1793654362582e-92
BACH2	0.397591888342984	0.834357459910913	1.06937727989716	3.4062597840519e-57	1.17837471764102e-55
LILRB5	0.291894909957684	0.659037991269488	1.17491258058106	1.07329033646564e-33	1.27116945439393e-32
SVEP1	0.939656156859688	2.71429693452116	1.53037371403169	2.82091968258491e-73	2.11350783511237e-71
DBX2	0.0489962481870824	0.133354410601336	1.44452235538083	1.70742183385474e-35	2.1843724046136e-34
KLRB1	1.11944683405345	2.49759979262806	1.15775631081655	2.29925758248325e-32	2.56416382204403e-31
GPR65	0.988200567461024	1.97963187349666	1.00235638658538	5.70756987460279e-50	1.46038405791488e-48
PCDH10	0.735823207523385	1.48525626563029	1.01328079055855	4.75382481903076e-13	1.88774870778554e-12
VSTM4	1.35445903004454	3.21014371180401	1.24492113014207	1.42135607852359e-85	2.29464402153076e-83
MPEG1	5.46017364877506	12.2470953207127	1.165420882891	3.42580375663003e-53	9.99082252551825e-52
P2RY13	1.08895674525612	2.29034348554566	1.07261732772979	8.49976418806001e-41	1.43009059744766e-39
ABI3BP	1.18495228162584	3.44301752672606	1.53884456244161	5.39069187809689e-59	2.02501863043967e-57
GRAP2	0.434826222959911	0.883071428195991	1.0220911893061	4.78001000081454e-33	5.4887142778193e-32
CPXM1	7.85494549710468	21.3297658126949	1.44119495561034	1.29196867502108e-65	6.79084775269801e-64
SERPING1	51.2085227416481	110.211060489978	1.1058131701487	2.24045891009796e-89	4.40331351881716e-87
IL7R	2.78281683046771	6.965351155902	1.32365013639965	5.03146278815848e-37	7.00530460679848e-36
TLL1	0.378135970318486	0.982676488708241	1.37781144595613	2.51610565728864e-76	2.21564342977216e-74
FLRT2	0.223987912708241	0.609044613541203	1.44312703110154	7.60962614365976e-81	8.82001197727949e-79
PIK3CG	0.608085627772828	1.52283391532294	1.32441220925388	2.25715154496501e-56	7.44750172780304e-55
CNRIP1	1.44843686124722	3.35684021826281	1.21260707052589	2.3665148501805e-113	9.89753284178947e-110
EVI2A	3.06201410089087	6.89384834966592	1.17082863614963	1.46204231379822e-78	1.44720845382611e-76
CALHM5	0.636379923964365	1.6558686013363	1.37962796630396	6.29978384339334e-113	1.70862737400514e-109
PLN	1.39512520911136	3.09781962672606	1.15085853813093	1.3375347938876e-51	3.70169578365505e-50
ALPK2	0.152686086561247	0.345712851902004	1.17900563359405	6.73259060949134e-43	1.24387821873722e-41
NID2	3.44308501701559	8.30107192806236	1.26959584102497	1.2455747979134e-75	1.02995364844534e-73
GEM	7.16773830957684	16.3964206494432	1.19379103641835	1.91636486117942e-45	4.03537637926306e-44
MS4A1	1.35485671832517	3.40122573170156	1.32791446894099	2.64790437665924e-14	1.15646477461758e-13
COL5A2	40.0014896726058	119.850421002227	1.58310934410058	6.04109775130457e-94	1.70673597094669e-91
ISM1	2.80550662902004	5.92118540022272	1.07762470547747	8.24432632986223e-54	2.47348029555889e-52
CLDN18	0.0444510600022272	0.14185529823608	1.67413030786918	1.22984248137007e-14	5.52980566639904e-14
CARD11	1.19370095028953	2.434207455902	1.02801067393862	2.45041376003724e-42	4.38391306066821e-41
GLT8D2	3.34965969042316	9.27238228507795	1.46892551549051	5.18643297866573e-100	2.51190062941736e-97
HEG1	5.69290471380846	12.969378908686	1.18787253430842	1.3513819974708e-103	9.64531119352711e-101
TCN1	11.9496654284788	26.7203483098062	1.16096858839027	9.6677252231423e-08	2.45121587338923e-07
CCR2	1.00760009055679	2.24658565376392	1.15681091053796	2.66390162816787e-36	3.59097117093285e-35
COPZ2	5.84345193786192	12.099230389755	1.05002250513527	1.80589540988037e-66	9.7181538307094e-65
ITGAD	0.129715912919822	0.260081664492205	1.00360922096476	2.02937605139921e-18	1.17307624181691e-17
MFAP5	7.02479349113586	19.6141316432071	1.48136574588109	2.06253676103662e-72	1.48776920300094e-70
TBX5	0.510105100345212	1.14944552869265	1.17207166863415	4.21037051451282e-80	4.56774676378467e-78
GAS1	6.14693880623608	14.3107173674833	1.21915596528505	8.16165437501089e-78	7.90572821282305e-76
SULF1	21.8838796064588	46.1987614008909	1.0779856492744	8.84027577391491e-50	2.24080336018804e-48
CPN2	0.0783492190957684	0.222743139685969	1.50739019797	4.12374007820952e-40	6.76203617903256e-39
IL16	1.07929479496659	2.49427843318486	1.20853354885779	3.10072194843025e-81	3.68849915286514e-79
MMP13	5.46975827074833	17.1811192464588	1.65127504102899	2.95026306480326e-31	3.15027696234622e-30
MFAP4	11.6996099731626	39.7644677445434	1.76501942442706	2.06113769016396e-64	1.03522548949309e-62
TRAT1	0.483084789768374	1.02686016778174	1.08789140225998	3.749895830863e-26	3.23900237976644e-25
MXRA5	21.6595659184855	60.404744454343	1.47965753957432	1.07734601763698e-98	4.56559042036721e-96
RGS18	0.418498766280624	0.848782167416481	1.0201709763403	1.30346115543982e-34	1.60693061171995e-33
CXorf21	1.21202403674833	2.47930395300668	1.03251684057045	3.13561859366703e-47	7.18279117377003e-46
CD2	7.17664509325167	14.6526062839644	1.02977582012472	1.3783037764754e-26	1.21371282550538e-25
TSPAN11	0.495452392538975	1.06411844817372	1.10284040547392	3.2278760385642e-53	9.47472444999332e-52
CCL21	8.61946861788419	18.7350999016926	1.12007283423127	1.54977015032065e-23	1.18804030573761e-22
MMRN1	0.570468283216036	1.64991570037862	1.53217373113825	5.90186420882125e-33	6.75974421377594e-32
MYOCD	0.0496234719665924	0.133560522910913	1.4283990631195	2.29022875328079e-27	2.08721721258339e-26
FLI1	1.61460769554566	3.33147348062361	1.04497673642842	3.90758277052851e-79	3.98426540985993e-77
ABCA6	0.231188295178174	0.663052222939866	1.52005414598931	2.3590605143787e-74	1.84920344713812e-72
KCNIP2	0.74725476454343	1.74825742073497	1.22624553317182	7.28279420434904e-08	1.87439689134897e-07
NR2F1	3.28169297932739	7.96956938596882	1.28006150121312	5.6280808342087e-41	9.52839003654234e-40
TMEM130	0.359904511233853	0.826748797037862	1.19983485534214	5.44163283991184e-45	1.12662569377167e-43
EMILIN1	12.7389615908686	30.7986870022272	1.27362116588127	1.00429460933331e-65	5.29931486271168e-64
TPSD1	1.16798840594878	3.54860135839421	1.60322456114403	9.1825804344977e-12	3.2821553313712e-11
CCDC36	0.0885370229265033	0.219407830957684	1.30926224988647	9.6764549441827e-77	8.86637874986903e-75
WIPF1	4.84753861247216	10.5382914342984	1.12031668771233	2.58367555646764e-94	7.4547285577144e-92
VCAM1	4.53478765167038	10.5908993690423	1.22371820575669	1.36873185766928e-48	3.28519871183241e-47
FN1	171.963547416481	432.918861269488	1.33199387985942	1.4048478173314e-62	6.41452567368051e-61
PNMT	4.13722541365256	13.3842681744833	1.69380278840728	0.0242280342800865	0.0324371974402461
PCDH7	1.2307546989755	2.86230786815145	1.21763560810174	1.93005760745578e-70	1.27675664461989e-68
METTL11B	0.103021864995546	0.273567383057906	1.40894566817976	2.0354276617371e-25	1.70280286988383e-24
THSD7B	0.174040559908686	0.364625934545657	1.06699361547674	2.20381365391753e-31	2.36813922034672e-30
TNXB	0.536202424195991	1.64357141262806	1.61598449545804	7.95564136386464e-36	1.03240624435759e-34
DPP4	1.23558519158129	3.33270666636971	1.43149985630822	1.03344193680113e-77	9.93936603188661e-76
FCAMR	0.052545531935412	0.246798826100223	2.23169553340177	0.0023750095033714	0.00369691274968085
SLC22A3	0.362051880202673	0.822649103296214	1.18408074475089	9.34990519622761e-42	1.63394412842838e-40
NID1	15.5566008632517	31.4019278485523	1.01332626866571	2.68719190346982e-79	2.78175644297361e-77
FBLN2	21.3337100772829	44.8115453919822	1.07073559882932	2.68415877668958e-80	2.98359648940061e-78
CD5	1.73929339576837	3.78881136859688	1.123243998269	3.4496643461307e-29	3.3923784044872e-28
GLRA3	0.703253129924276	1.82913934966815	1.37904901480335	0.000762689737944978	0.00126425076839895
LY9	0.219928655095768	0.521799031879733	1.24645867839705	5.2402725620802e-31	5.54748916583681e-30
FAM180B	0.106300272616926	0.223586765374165	1.07268949740088	2.31382585750858e-11	8.00453889124333e-11
KCNJ15	0.194583197164811	0.400665492004454	1.04201112605072	3.45211983513558e-55	1.10410842179891e-53
C6	0.218232283233853	0.682625197538976	1.64522913298861	4.35689650399186e-19	2.62828618730577e-18
ST6GAL2	0.895190001657016	2.42963407253898	1.44047321761856	7.84767234655207e-60	3.1673299015355e-58
C14orf180	0.121762798126949	0.360305962260579	1.56514910767095	1.27360494513077e-14	5.71899227182728e-14
PTPRD	0.610750311915367	1.27957412552339	1.06700912448803	2.36301909803415e-49	5.85830018070221e-48
MMP14	71.7175133496659	143.653183719376	1.00219259516839	2.53196885217184e-57	8.82674282886949e-56
ACKR4	0.370437337572383	1.04687449679287	1.49878707206995	7.83495426120713e-68	4.52126871218e-66
CPA3	6.34863882770601	14.7468764783964	1.21589020014217	4.23297617433127e-40	6.93277655798386e-39
CD27	2.83078878305122	5.74339723563474	1.02070023979105	1.6111027863517e-27	1.47722548246893e-26
CCR4	0.784514424761693	2.01704698363029	1.3623728102443	1.83885890958496e-46	4.05475864599702e-45
PLXNC1	2.85489067817372	6.65543904231626	1.22109833840519	3.82985813505073e-93	9.79937852253263e-91
IGF1	0.174529009485523	0.544391032739421	1.64117644769731	1.55602494434028e-57	5.48084526498663e-56
ELN	12.6701492955457	27.8813142483296	1.13786504326195	1.82806369649858e-42	3.30098159630057e-41
KLK4	0.927681423959911	2.70583267708241	1.54437127077573	1.64490596833793e-59	6.46567241641469e-58
SGIP1	0.4871176707951	0.978596886726058	1.00644437336667	6.91627033534645e-54	2.08425648928074e-52
TM6SF1	0.825872717416481	1.70647522939866	1.04702811559259	7.13637726297364e-74	5.53008068932489e-72
BICC1	1.76469351924276	4.59449696391982	1.38048926716992	1.63501944519895e-99	7.6456892056355e-97
MRVI1	1.61567428685969	3.50537684632517	1.11743316367774	2.13738692763682e-81	2.5879557255074e-79
MXRA8	24.8646817349666	51.2644268819599	1.04386010138731	3.37832521983324e-57	1.17169995667925e-55
PDPN	3.87242755545657	9.35752156570156	1.27288821838098	8.02417053368284e-85	1.25075605295716e-82
CDH11	6.11553905389755	16.0338870935412	1.39057264454414	4.68672467190601e-90	9.34656959937021e-88
SLC38A4	0.141814092287305	0.404764663494432	1.51308244373565	1.63412991443994e-72	1.1850500411615e-70
CXCL12	11.1585245639198	29.488420908686	1.40200228941135	8.64433772535532e-91	1.83165412333662e-88
PDE1B	0.531002751247216	1.12427905211581	1.0822089235888	4.16703782493247e-67	2.30649795689425e-65
LRRTM2	0.0634634646815145	0.137430316743875	1.11470210372258	7.25516089065853e-35	9.08469407555128e-34
JCAD	3.19898316904232	6.94820314253898	1.11902653235311	9.1469891827929e-104	6.89124001710303e-101
CLEC4G	0.0530061271069042	0.142904650146993	1.43082182374431	4.88747412587106e-13	1.937983526928e-12
ADGRA2	3.28684820131403	7.1587624532294	1.12300537901706	1.77509623897457e-82	2.31462308622444e-80
PODNL1	1.78447919853007	3.88086489487751	1.12087512508829	7.4626181597154e-61	3.15266557208413e-59
COL16A1	7.82586757772829	16.1196362605791	1.0424965862611	9.47618368459199e-57	3.18874756691692e-55
POSTN	122.780402606013	343.631993719376	1.48478405861038	1.3248927857128e-75	1.08890127679099e-73
CLEC4C	0.0718166617305123	0.178642154855234	1.31468206019285	1.5340462736485e-12	5.84195493315004e-12
MMP19	1.67690647193764	4.08345296770601	1.28398738513118	2.2317912785744e-99	1.00884405095825e-96
FGL2	5.05018064944321	12.0871634988864	1.25906882590797	3.89568344986863e-60	1.60575572229995e-58
COL8A2	8.39312899356347	22.9702297616927	1.45248462867095	6.04684324631227e-76	5.12507757895254e-74
LAMA4	6.10132565812918	12.4647424432071	1.03065843132123	8.72677010401015e-95	2.74755808345906e-92
COL8A1	6.63566470839644	18.0779929360802	1.44592161931456	2.10881512934747e-76	1.88142381375533e-74
CD163	5.7844418844098	12.0705550213808	1.06124234299639	6.93981470300961e-29	6.74146326558118e-28
PDGFRB	18.3002892420935	40.1881040979955	1.13490206789195	1.35743686636355e-92	3.34694569904656e-90
JCHAIN	67.9713705442093	174.834212837639	1.3629884115077	3.41230029611096e-25	2.82331936031487e-24
IRF8	2.66053438305123	5.35398035367483	1.00889579693459	6.03052588007155e-43	1.11721258824659e-41
IL6	0.866313186256125	1.96592137922717	1.18224504483213	5.68541289492976e-14	2.4245246625202e-13
THEMIS	0.343073906155902	0.750430728545657	1.12919950417721	1.37165258331046e-32	1.53981628164513e-31
TNNT3	0.252638599262806	0.708541253737194	1.48777677690359	1.60459014125974e-24	1.28376677909282e-23
GAPT	0.927569108162584	1.96341290930958	1.08183692784225	6.79727127259133e-50	1.73266533322577e-48
KCNA3	0.302015167619154	0.760218225879733	1.33179260805087	1.84832827318644e-36	2.5090269982664e-35
CCL11	0.875459751046771	2.00720131614699	1.19707256395268	8.99189484814569e-32	9.7864435020629e-31
CNR2	0.0782798182806236	0.201786612846325	1.36611815272959	1.29831384835856e-14	5.82608672984462e-14
NETO1	0.11482890886637	0.305714372516704	1.41269848421645	6.14350097316647e-18	3.44776519944972e-17
LMOD1	4.01246815011136	8.53234201759465	1.08845185648579	1.93035410396504e-60	8.0794851863796e-59
KIF26B	1.75402875040089	3.59083859487751	1.03364841126627	5.89488684460817e-54	1.78438751115472e-52
CYS1	1.17068465587973	3.07196296770601	1.3918083112214	1.70917813086379e-76	1.53497779024132e-74
TLR8	0.507316989024499	1.11085759167038	1.130714500427	1.65466086145347e-39	2.60916929560122e-38
CLEC2B	2.85928010712695	5.98265554342984	1.06513404159131	1.18096879483946e-91	2.75741050261999e-89
PPP1R16B	1.27272129501114	2.67303355917595	1.07056142293297	1.3489775043575e-33	1.5907377336167e-32
SGCD	1.04134281407795	2.82083683518931	1.43767813135214	2.81673811283258e-81	3.38033500425864e-79
PDE2A	0.789191920534521	1.61622194922049	1.03417723971444	1.26428657804515e-39	2.01705768057297e-38
PDGFRL	5.87935511291759	15.2063059510022	1.37093989912412	3.72956218184787e-81	4.36005109896888e-79
SALL1	0.221894376817372	0.482757799305122	1.12142645951623	2.96169579988674e-59	1.13777781139558e-57
FOS	50.5060393962138	102.617736783964	1.02275229515643	5.04868152246778e-20	3.19631980047552e-19
TENM4	0.667603565723831	1.42022116971047	1.08905205138803	4.65121939182495e-71	3.16960734535368e-69
DGKI	0.149661735844098	0.31811446701559	1.08784057002259	1.08321038930604e-68	6.47110840941815e-67
PLAU	22.0645675278396	46.4815879420935	1.07492788578018	1.45421292386018e-48	3.48420167146076e-47
ZNF831	0.147521226525612	0.365111125182628	1.30741307350489	1.52604803048779e-29	1.52728688866752e-28
CLMP	4.2013279267706	8.68429051447661	1.04756259198123	2.15975480432147e-76	1.9142767909414e-74
ARHGAP28	0.425796431153675	0.964566224498886	1.17971643542173	2.23823060752725e-78	2.19946704845486e-76
CLEC4D	0.065582767403118	0.269939943309577	2.0412497840821	1.07695951231931e-08	3.00507159394283e-08
SHISA6	0.269522458494432	0.54046077157461	1.0037844127778	7.80243241276362e-37	1.07968148928048e-35
THBS2	32.4660512494432	93.4931496904232	1.52592873705168	1.58245834176827e-84	2.3844130636355e-82
PRR5L	1.10193731469933	2.25754940378619	1.03471540327261	7.89587068881638e-89	1.48716531126443e-86
PI16	1.58247785727617	5.87345519998886	1.89202413983171	1.32599298776089e-18	7.76751227085332e-18
ITIH5	0.881297821069042	2.11001377505568	1.25955087418643	2.84295669349793e-34	3.44533831282622e-33
SLC9A9	1.12487346080178	2.31734338797327	1.04270912209821	8.83805482485244e-70	5.60060100373009e-68
CRTAM	0.382031933342984	0.878555117260579	1.20143956284883	6.18239710933962e-43	1.14378563710443e-41
TNFSF4	1.38256197042316	2.93759940489978	1.08729352393212	3.74193255211558e-51	1.01488694678479e-49
HGF	0.417827255418708	0.991978449888641	1.24740217494496	2.97595048781883e-71	2.05902370231179e-69
GPR34	2.43880472806236	5.57293367928731	1.19226273668785	6.67463688026586e-69	4.02287781036824e-67
TBX18	0.47673882974833	1.13150901589087	1.24697703916678	5.0734001865007e-85	8.00004417780651e-83
TFEC	0.726744412048998	1.48382883741648	1.02980470522895	3.20264112232447e-38	4.71563694460827e-37
LUM	115.770916966748	372.921390801782	1.68759867592756	1.28717174714207e-109	1.93948178477707e-106
FCRL2	0.134666247986637	0.300251260334076	1.15678199490191	2.20121874841552e-16	1.11800477330573e-15
GPR141	0.376601417126949	0.873532077906459	1.21382225413251	1.26671253552204e-62	5.84281928374639e-61
UBASH3A	0.47616666611804	0.989721682988864	1.05555625699724	4.62016474636693e-26	3.96795782935288e-25
COL5A3	5.30552858106904	10.7382305755011	1.0171878917153	7.54877577284349e-45	1.55104467053834e-43
INHBA	6.70187802628062	15.730215063029	1.23090106042842	7.64075293917814e-62	3.36416398078554e-60
FIBIN	5.94096322247216	16.8063558363029	1.50023817267595	5.23961122653182e-91	1.12784710861902e-88
FCRLA	0.415904710378619	0.972894572650334	1.22603045188578	1.01735346717987e-20	6.71354275835826e-20
SPARCL1	47.4275083853007	111.394149020045	1.23187747386535	1.59756558499146e-69	1.00299013416987e-67
JAML	0.711021456625835	1.54984462603563	1.12415858858244	1.10639219075112e-36	1.52168199784746e-35
CAVIN2	1.75242420249443	4.46852585389755	1.35044692666782	9.21401905701188e-33	1.04299926904957e-31
CHSY3	0.856335409643653	2.02440415389755	1.24124945219769	1.22341610194734e-88	2.27270489842574e-86
COL14A1	5.69690777946548	20.3119086256125	1.83407485264072	1.70445907450865e-66	9.20883247386924e-65
GYPE	0.0828737801870824	0.180836636051225	1.1256993502265	5.16495044065714e-48	1.21600508551652e-46
SLIT3	2.1176919191314	5.29545871314031	1.3222629394925	1.80961573987188e-87	3.22897355900034e-85
FBLN1	22.2371148670379	44.6946994565702	1.00713412679382	1.15082592947972e-57	4.10693432359855e-56
LRRN4CL	0.41156080713363	1.30976234614699	1.67012755499488	6.35948621937345e-64	3.1021939791699e-62
ABCA10	0.155123791253898	0.315094815155902	1.02236604647246	6.41750192827204e-19	3.83551095854108e-18
ABCB1	0.536221244848552	1.18190548928731	1.14021439095307	5.25511709096448e-36	6.91218650538985e-35
ADAMTS5	1.04735516387528	2.19731799020045	1.06899291694967	3.39525155195224e-62	1.51957116488529e-60
LAMA2	2.0237990677951	5.66493371024499	1.48499301440412	7.8860306507837e-70	5.02077284766562e-68
NDN	4.43806606075724	9.71710768374165	1.13059581444712	4.97502247688978e-87	8.54003541887371e-85
SFRP4	13.8513686720713	50.7479088752784	1.87331983772474	3.20159746789314e-81	3.77537941409555e-79
HEPACAM	0.0327089190846325	0.103957419414254	1.66823673734812	6.61723690653033e-15	3.02448094672928e-14
FAM129C	0.161366908262806	0.344004846265033	1.0920841359819	2.10016466628423e-08	5.71435253601132e-08
CNN1	4.9977262610245	10.549890514922	1.0778842385571	3.80591217660571e-40	6.27119988176793e-39
FCRL3	0.290315016948775	0.630100262040089	1.11796221032123	1.33189028130041e-18	7.79868916438465e-18
RASGRF2	0.706831710890869	1.92934848775056	1.44867508240888	1.55634677272048e-106	1.50754418463303e-103
MEOX1	1.2125932625657	2.76625345362138	1.18983763556472	8.1704655798216e-19	4.8426435195787e-18
GPR15	0.143086071160356	0.431949437643653	1.59397920740401	3.22830139831911e-21	2.19994951068369e-20
KCTD12	10.2324831224944	22.5859579331849	1.14226981658031	1.19966978581653e-91	2.75741050261999e-89
LOX	6.45424297461024	16.7359682672606	1.37463222598414	9.57838025024552e-86	1.56496885028409e-83
COL1A1	370.484701521158	1119.83014184855	1.59579404245377	1.69780546489307e-84	2.53010328674889e-82
XCR1	0.162058808614699	0.402209228701559	1.3114287450412	1.38089073102504e-25	1.16023910801924e-24
FABP4	17.7938175501782	61.5507245976837	1.79039977590309	1.98838620484399e-17	1.07858021295557e-16
ABCD2	0.151793470265033	0.351513102730512	1.21146873574396	2.30491130506077e-33	2.68760982011428e-32
FGF16	0.0842497742628062	0.352862022599109	2.06635943997727	2.31047107772545e-54	7.08875526810743e-53
SPARC	318.228996859688	850.124775278396	1.41760930605014	3.05186726480336e-96	1.00942370678045e-93
EGR1	53.8961079109131	108.208112501114	1.00555566579803	4.5001555565323e-23	3.36605678445309e-22
GIMAP1	1.02799977728285	2.10658890178174	1.03506884949964	4.87956102741243e-44	9.57622678621418e-43
CHIT1	1.32361263350111	4.23449137126949	1.67770772275829	1.46924781231608e-11	5.16445556838216e-11
CCDC80	7.40572297209354	26.5095439665924	1.83979936395193	2.91941091122763e-113	9.89753284178947e-110
CILP2	2.29510376449889	5.5840196467706	1.28274463637059	4.92755738087843e-46	1.06236256982659e-44
AXL	7.25668599532294	15.9754958552339	1.13847796141732	1.07606398240352e-112	2.43208394422902e-109
PTPRC	4.35796449708241	10.5377612628062	1.27384205191377	4.89715784545328e-44	9.59687247719537e-43
ERVFRD-1	0.0366182869376392	0.229909172249443	2.65042781743528	2.18824810071864e-25	1.82726801070477e-24
MNDA	3.88489049064588	7.80769651670379	1.00702304502646	6.46133647661736e-52	1.81412389149913e-50
CD300LB	0.263154370824053	0.575240273429844	1.12825532728349	5.51635540204466e-39	8.49117997810756e-38
KLK3	0.121778692592428	0.575167276195991	2.23971986736132	6.52223420187079e-16	3.21045437428565e-15
DIO2	2.898125133049	7.04325143028953	1.28112169720356	4.60229521909709e-50	1.18204025504121e-48
CD28	0.610760533741648	1.3394226866147	1.13293256329671	1.61618427616122e-38	2.41643604950632e-37
KLK2	0.0392595292360802	0.211183518654788	2.42738246862559	1.91134535749986e-44	3.83996361378602e-43
ABCC9	0.699979338084633	1.42124732342984	1.02177338967786	9.64653388255253e-60	3.84754841121455e-58
IKZF1	1.30496186868597	2.89133265077951	1.14772695040533	6.62465449725504e-44	1.28338485196108e-42
FYB1	3.25804082405345	6.88941271158129	1.0803763242412	5.33895035289652e-44	1.03875904929167e-42
P4HA3	1.47329642207127	3.79899925434298	1.36657170407621	4.78112116144171e-80	5.14577651351675e-78
CYBB	9.77855141581292	20.3592927683742	1.05799477980334	8.30031189933255e-42	1.45615174213258e-40
MRC2	14.8375004966592	30.8154621024499	1.05440634747351	2.64088748398324e-67	1.48601971660982e-65
PAGE5	0.189770163073497	0.429911753207127	1.17978737211111	0.000405987510967325	0.00069668551105713
CD84	1.5573824336971	3.670372922049	1.23680339433991	3.81538746587294e-51	1.03274390069267e-49
ATOH8	0.246454359634744	0.572598685612472	1.21620385699298	1.65251394577924e-27	1.51314933279624e-26
CYP1A1	0.0390879737683742	0.152457514285078	1.96361055361665	0.00944554682652676	0.0134974773987913
PDCD1LG2	1.32831011309577	2.6773577545657	1.01121792410568	1.45443750830187e-49	3.64577209798182e-48
ADAM33	0.394925419363029	1.19803756906459	1.60102101515095	1.43817120048401e-54	4.45274877848485e-53
CCR5	2.41656015400891	5.00262697238307	1.04973097247197	1.58722027737011e-33	1.87005162305961e-32
GIMAP7	6.67205450334076	13.645580467706	1.03223078737447	3.67655490518848e-36	4.89281266626702e-35
MEOX2	1.02211852038307	2.50063331062361	1.29073102367436	1.98642649844878e-36	2.68841614226187e-35
TLR10	0.366096373082405	0.824909757922049	1.17201282155631	4.58676900557617e-25	3.76976815058294e-24
KL	0.276994026685969	0.559545032360802	1.01439937921128	4.35580100270714e-38	6.35150724706576e-37
TCF4	2.1783503545657	4.86999698218263	1.16068487000574	4.19699755593452e-101	2.27661935424112e-98
TNFSF8	0.688521272048998	1.52918258129176	1.15118753922733	2.53609994337791e-59	9.8544559690968e-58
PCOLCE	16.4751064084633	41.3046700311804	1.32601712308183	9.56568659753836e-80	1.02141949566313e-77
TLR4	2.23325516503341	5.03493694075724	1.17282561096349	2.91630859360563e-83	4.11958967061312e-81
SRPX	5.29610915786192	11.33113977951	1.09728822374032	5.55033822609263e-76	4.73384507446806e-74
LAMP5	4.8332403632294	10.6901150944321	1.14521473709149	1.38849861451331e-45	2.94209839240859e-44
EVI2B	5.69926321759465	12.4715185679287	1.12978981308301	1.02020333393994e-56	3.42449935929691e-55
MYH2	0.015267119688196	0.122792594721604	3.0077237459575	1.67883796101091e-52	4.83369885122483e-51
ZCCHC24	5.18217739309577	10.9677741002227	1.08164045488043	2.59330677879803e-73	1.95376851262667e-71
GPX3	14.9058290623608	30.3722363585746	1.02687652019262	4.0101339681141e-25	3.30385338648817e-24
MMP11	40.1042398565702	87.8025945434298	1.1305088038772	5.4161516440869e-31	5.72028290073695e-30
SYNDIG1	1.33182854127394	4.35077464988864	1.70786393108981	2.94397215746569e-66	1.57177978060599e-64
TEK	1.84539002077951	3.79652601492205	1.04075413374676	3.23327764320535e-56	1.05909367438425e-54
COL1A2	228.719927202673	728.56604064588	1.67147768496917	1.75676491409422e-92	4.25419446429138e-90
AOC3	4.4467940610245	11.4063970311804	1.35900565811835	2.54837861782362e-52	7.27548682869602e-51
AQP7	0.378598843554566	1.12619476213363	1.57271443673661	4.93808300490857e-16	2.45384183325633e-15
CH25H	0.944830630089087	2.25191741915368	1.25302628205333	9.76902906469084e-45	1.98320064590228e-43
AOAH	1.76039795804009	3.64681439844098	1.05073517338558	4.06108689707153e-41	6.90130318435927e-40
NLRP3	0.554517625812918	1.16993243452116	1.07711999074302	2.88178195963662e-58	1.05053347189872e-56
CD48	3.56434902383074	7.3875074701559	1.05144907052799	9.53495317941874e-36	1.23263584429073e-34
F13A1	5.23830218797327	18.6174786547884	1.82948650986743	7.97365684910985e-93	2.00242149131072e-90
ALDH1A1	5.71668661648107	11.5390067374165	1.01326793369622	9.4657829845192e-62	4.14082203396983e-60
HSPB7	0.542910245423163	1.47490355434298	1.44183500328349	5.40559741202102e-39	8.33962531335803e-38
MRAP	0.128307700628062	0.408594741434298	1.67106287779381	4.21088353632017e-14	1.81166851637176e-13
PRG4	0.735234793518931	1.77995941853898	1.27556740340966	2.90488894181108e-20	1.86874757779412e-19
TNFSF11	0.457062156585746	0.946645911714922	1.05043452060742	1.26695035048885e-33	1.49531015691726e-32
KERA	0.189660506391982	0.90434988944098	2.25346176065863	8.43886347845491e-69	5.06369148811182e-67
FBN1	9.62716940979955	31.3066381135857	1.70128500906741	4.02374109306942e-103	2.59837871252926e-100
OMD	2.07546901855679	8.89904927216036	2.10021381796986	7.72053817450048e-84	1.13802411070001e-81
CASQ2	0.413561410576837	0.939675389289532	1.18406089005446	2.45889745314806e-25	2.04696797803197e-24
DPT	8.39932979242762	33.0853343184855	1.97784573702037	5.00231843431848e-89	9.69092004111327e-87
MMP9	34.4309613830735	88.7799149804009	1.36652686259935	1.12797904881117e-07	2.84110770448148e-07
COL6A3	36.662194113363	100.665356659243	1.45720224026522	1.36283646011737e-97	5.28040721018619e-95
GIMAP5	0.154744030790646	0.347853105097996	1.16859443998713	8.35950054125305e-33	9.47852732775356e-32
THBS4	7.34466169570156	21.077902064588	1.52096333404893	7.68846030208743e-37	1.06499703939334e-35
GPIHBP1	0.845436649398664	2.18985531021604	1.37306699094349	5.23619913325434e-27	4.70875971127733e-26
ICAM3	0.443523345135857	0.944797394652561	1.0909949427001	7.02742551073965e-35	8.80766334114052e-34
C2CD4B	0.71691998674833	1.43879844104677	1.00498048317759	3.06810901060531e-14	1.33398461595954e-13
FCN1	0.476351122365256	1.02066728011804	1.09941535596535	9.0869232266891e-21	6.01111053059175e-20
CPZ	0.130215917443207	0.347897800222717	1.41775774408811	1.5510519856887e-62	7.05832750937062e-61
CRP	0.011472313064588	0.0229727902026726	1.00176979357753	7.74084774512775e-10	2.37443194462062e-09
NR4A3	0.674387262928731	1.56992480556793	1.21904626660098	3.65657255923297e-20	2.3389990790452e-19
DCSTAMP	0.245624224694878	0.513364035971047	1.06352937702013	4.62769001107048e-17	2.45428643880042e-16
CD79A	6.36063706859688	12.9259301039644	1.02302492019172	1.12401910124007e-18	6.61868129913877e-18
FILIP1L	4.31919624120267	10.1639439265033	1.23462554981468	2.9810641176708e-91	6.62724762290717e-89
EBF3	0.620866760289532	1.25531257037862	1.01569103669471	4.36105189547199e-50	1.12220540331111e-48
TSHZ3	1.62474083316258	3.62919265701559	1.15943903656616	6.7078980825629e-98	2.67546487934222e-95
GIMAP8	2.20382747193764	4.47751483964365	1.02268692767096	6.56633639120085e-54	1.98320908242928e-52
CD200R1	0.28317161667706	0.613868537305122	1.116253062986	2.13545385902604e-39	3.33627762468342e-38
VMO1	2.29440571599109	8.53378811783964	1.89506576755628	1.47316312389978e-05	2.98306183712183e-05
PDE1A	0.441914023273942	0.927556740400891	1.06966982390221	1.70671023671107e-55	5.49755285511611e-54
AC119396.1	0.206314130628062	0.425781842432071	1.04527179102564	2.2057463077309e-10	7.03649157354475e-10
SCARF2	2.44942172783964	5.31220853986637	1.11687059275354	1.21214309549359e-58	4.50352671725714e-57
VCAN	16.6314375514477	46.9508294298441	1.49723777014623	8.91472278388015e-95	2.74755808345906e-92
ARHGAP6	0.351762883648107	0.725600108151448	1.04457140640261	1.00681601892912e-60	4.24019628344652e-59
CSF1R	7.94362961091314	16.1475663140312	1.02344648428882	1.5117527411299e-56	5.02472522609377e-55
FHL5	0.526479977389755	1.15424125942094	1.13249423737734	1.79522753141467e-36	2.43939491726559e-35
AL845331.2	0.0483437269710468	0.0991419848552339	1.03616744300634	6.70726792169962e-11	2.23153239171169e-10
ACSM5	0.284731592187082	0.582227089777283	1.03197939138516	1.6826551513889e-38	2.51028454433277e-37
FGB	2.46710459044098	9.91815902953229	2.00725347941332	0.0122248923173286	0.0171527951076351
CDSN	0.212895947772828	0.447330048062361	1.07119118030917	5.16334461245227e-06	1.10111835649419e-05
CDK15	0.117648247311804	0.297104227193764	1.33648930407364	1.09123298912774e-63	5.22904966980964e-62
PRND	0.599151642432071	1.44264260907572	1.26772084658122	9.10523832502394e-29	8.80086506954025e-28
SLAMF6	1.48988605238307	3.38580377416481	1.18429636709902	1.17693721976913e-28	1.13274986779909e-27
GFPT2	2.86326004806236	5.89686485746102	1.04228942602649	3.24848292607962e-79	3.33732401216407e-77
CYR61	48.5578951336303	108.231460469933	1.15634212862562	1.37393252439066e-41	2.38870499528997e-40
GIMAP6	3.67033517193764	7.60057363608018	1.05019649201727	3.7752043042398e-58	1.36521454852789e-56
SPON1	6.47003604053452	17.52538167951	1.43760021085086	1.21971612131363e-86	2.04204571865854e-84
HMCN1	1.11808339648107	3.55597986191537	1.66921935291383	4.72758942210704e-87	8.21933848117866e-85
FMO1	1.46940021601336	3.29119937728285	1.16338603418467	3.46523093619848e-44	6.89032210055536e-43
COL6A6	0.172190317064588	0.439056002436526	1.35040095339395	1.64187461406613e-41	2.84724573418808e-40
CLDN5	1.8811068545657	4.1281923077951	1.13392837669222	8.17302496687206e-24	6.32977678902067e-23
HTRA3	18.7481717244989	48.628876674833	1.37506335135895	4.81270856345038e-63	2.23510756263529e-61
SIGLEC6	0.158846692808463	0.400333472616926	1.33356719372823	1.95324592125241e-44	3.91833845238224e-43
EMX2	0.228734655474388	0.527120587416481	1.2044580752774	7.36697546165249e-60	2.99112437830747e-58
GLYAT	0.0633301894053452	0.224313990721604	1.82455430650077	5.71178212969538e-11	1.90970112082838e-10
CD3G	0.814184418681514	1.83830076391982	1.17494530738734	3.70903432910608e-31	3.94805451624863e-30
F10	0.5458429	1.13570166124722	1.05702621000519	2.18686293592573e-39	3.41266378297915e-38
MN1	1.16483372572383	2.33575525679287	1.00376508287268	2.98674902412133e-59	1.14416111627428e-57
FAM110D	0.917445123028953	1.8357115018931	1.00064557357178	4.2311099841499e-21	2.85605189124225e-20
C7	1.99564515230735	6.47373839599109	1.69774385095709	6.31225938060967e-27	5.66515879950018e-26
ITGBL1	2.23078867930067	6.59161266815145	1.56307761555939	1.14625110384337e-83	1.63624328623368e-81
LGI2	0.544322246458797	1.1676354518931	1.10105701455477	2.98558346633217e-54	9.09831401953496e-53
TIMD4	0.247831262875278	0.567763690193764	1.19593239942294	7.19876408997385e-17	3.76775144053012e-16
MYL3	0.125048932106904	0.430806431454343	1.78454705061162	3.38851568759981e-80	3.70577913222105e-78
ANGPTL1	0.418631735414254	1.4247930836971	1.76699883044749	5.24983446380382e-69	3.19251144231586e-67
GREM1	2.13637691157238	5.63388608062361	1.39896419433585	1.17151942863962e-54	3.67754050272729e-53
RBMS3	0.859979761625835	2.06501097060134	1.26377483254828	1.00439528172202e-79	1.06410971995565e-77
SLIT2	1.1559203810245	2.79896802004454	1.27585297386407	1.27699202192389e-76	1.15448592062066e-74
DACT1	2.16543529955457	5.82311263006681	1.42713345634564	1.60965118268516e-94	4.74532167138988e-92
NEFM	0.0537640442828508	0.128677941561247	1.25905119184916	4.79061459570141e-38	6.96307872800716e-37
PCK1	0.231022012167038	0.507115789062361	1.13428487284103	1.58261607843289e-08	4.36216598366431e-08
PM20D1	0.0523247013741648	0.119789581164811	1.19493835562487	4.47903114423773e-33	5.16497800569795e-32
NCKAP1L	2.26867784610245	4.87628090155902	1.10392947599162	2.42531481644276e-53	7.16551072457086e-52
TNFRSF9	0.406127851663697	0.818322590222717	1.01073571022244	9.65332462848543e-31	1.01009826610255e-29
SERPINF1	32.2311264498886	85.3352273719376	1.40468681553826	8.37743346201243e-107	8.7389519367962e-104
CTSG	0.730498103937639	2.10903106815145	1.52962791411531	3.37246869686364e-34	4.08339714269356e-33
SLC1A7	0.111915323563474	0.292046649601336	1.38379124892472	8.55085521280455e-64	4.12662446764564e-62
BTLA	0.270971403329621	0.640864272211581	1.241878236368	3.54735561443951e-22	2.55067282541963e-21
SH2D1A	0.963247139550111	2.16431640487751	1.16793352268894	1.53120365014532e-26	1.3457325145574e-25
EPYC	1.02140027644766	3.8155075684098	1.9013266336736	7.00429926052983e-28	6.54168748430062e-27
IL9R	0.125322244256125	0.272774568801782	1.12206663525701	2.85613669719662e-33	3.31610186221604e-32
WDFY4	0.681675027861915	1.50618929465479	1.14374705807333	1.73086875206345e-47	3.99869014424743e-46
BANK1	0.428825481249443	0.952143029665924	1.15078767479223	1.39181410876233e-29	1.39603484681405e-28
NOX4	1.05615146732739	2.54388096302895	1.26821441074523	3.15475373825819e-80	3.47818011744059e-78
G0S2	9.39345412694878	21.2938632463252	1.18071005182002	1.91223393959423e-14	8.45786185741597e-14
ARSI	1.00371409656347	2.17124438752784	1.11317373707755	1.49942672883761e-56	4.99600144220315e-55
ATP6V0D2	0.368490005563474	0.91509856732294	1.31230165759596	1.00076259207516e-19	6.2282430064852e-19
PLEK	6.20624533496659	12.5744804276169	1.01870615636694	2.11379094067837e-39	3.30624209302646e-38
LIPE	2.49425114164811	5.35155717438753	1.10135200730546	3.46462350067639e-10	1.09086973050087e-09
TRARG1	1.33055976042762	3.71242531802004	1.48032869519241	1.04126362139256e-16	5.40592908159349e-16
OPCML	0.0752008422672606	0.154905611694878	1.0425686832963	1.09182824811828e-25	9.22509836307289e-25
F2RL2	5.83365306857461	13.6242440304677	1.22370468535635	1.96814779649364e-39	3.08199217878178e-38
ADAM12	5.71662461670379	17.5590123552339	1.61897623600423	6.1657066793908e-92	1.46689733823191e-89
CD209	0.520475633516704	1.26011189331849	1.27564931615071	5.25602445646826e-31	5.55982430999735e-30
NAP1L3	0.81283355844098	1.92819150908686	1.24621647678791	6.50424093499443e-83	8.90949609287469e-81
HPGDS	0.9227572922049	1.91974412249443	1.05689089213103	1.47350043635118e-47	3.40992140227958e-46
THY1	17.4639986503341	37.0122551737194	1.0836191184423	9.31677228291237e-79	9.29005506827755e-77
GAB3	0.576542459910913	1.19287151915367	1.04893989748028	2.44307861337527e-66	1.30950944964356e-64
RIPOR2	0.820986328507795	1.73500081781737	1.07950624003251	4.08874532429516e-37	5.73396849459841e-36
SLCO2B1	3.05480990378619	6.49658088953229	1.08859803026813	4.78744087925422e-62	2.12164986155446e-60
CST7	4.55908295946548	9.54356075746102	1.06578398302101	2.46925126776195e-41	4.26024382215265e-40
XIRP1	0.236887157113586	0.50411919444098	1.08956490161342	3.0642773152625e-16	1.5396318885615e-15
SLC12A3	0.0619988452316258	0.134458743977728	1.11685032832852	3.64416834294239e-15	1.69940051233293e-14
ROS1	0.0707718323474388	0.333224243964365	2.23524619122673	4.26838036271607e-08	1.1300957848261e-07
DES	1.39141364748107	4.42786506576392	1.67005988191701	6.75888564726336e-13	2.64370488210379e-12
BHLHE22	0.356792461726058	0.945374637616927	1.40580102631829	1.15398970235364e-68	6.86370804983233e-67
LRP1	11.0076379427617	28.180046610245	1.35616907429739	3.13466733853744e-101	1.77121765741276e-98
VEGFD	0.333750305550111	0.776232057269488	1.21771885799206	3.70749361524611e-11	1.26039912049016e-10
HTRA1	68.0241082628062	177.499395167038	1.38369606438365	4.84508421018353e-91	1.05974495119837e-88
BLK	0.216495290975501	0.537872018193764	1.31292729231613	1.01402955034347e-13	4.24159615428988e-13
FLNC	0.81416744508686	2.11722962093541	1.37878030231425	2.34797968693252e-74	1.84920344713812e-72
ITK	0.500159016850779	1.16397710924276	1.21860393380653	2.36585850545844e-30	2.43240388116163e-29
KCNA5	0.159087282777283	0.340221574703786	1.0966561173277	3.66923119544195e-21	2.49666052390307e-20
ANGPTL2	10.4481343650334	27.5615810489978	1.39941329405841	5.72853620955696e-97	2.09958593345411e-94
CXCR3	1.85286158652561	3.80955910746102	1.03986892723789	2.94979744204035e-27	2.67752363530851e-26
LRRC15	11.0300407816036	41.0999517429844	1.89769857493876	4.38887851736905e-83	6.13583315196306e-81
BMX	0.287827755895323	0.639405896020044	1.15152632620053	1.5373083995784e-30	1.59628171567249e-29
KLK13	0.625082112432071	1.53037582125167	1.29176836196138	1.46586675523811e-06	3.31420791393531e-06
LOR	0.0562160972516704	2.73304426632517	5.60338171725507	0.00164166683935703	0.00260534160427392
MYH1	0.0264426454498886	0.123436981160356	2.22283626079067	2.10588632659809e-65	1.0983817105768e-63
TREML2	0.0850519381603563	0.194191567755011	1.19106453952072	1.74644815136745e-20	1.1337282614023e-19
PRRX1	7.8336042091314	20.0163126926503	1.35342808897563	2.20607804575666e-100	1.10802312512985e-97
DDR2	3.19331328908686	6.54335634075724	1.03497674015797	2.98817812671618e-82	3.82289467701869e-80
MYH11	2.89969139688196	6.66505830489978	1.20071812797442	1.03290801682125e-32	1.16727213467608e-31
APOB	0.0143503926124722	0.0336683340623608	1.23030212901841	5.94850536104933e-15	2.727102136619e-14
TMEM132C	0.206864646481069	0.708178502443207	1.77542594252431	1.21062533716897e-26	1.06953030601618e-25
RBP4	3.90723223728285	7.82179811309577	1.00135329074393	1.31103052210956e-17	7.19210554624909e-17
SCARA5	0.357711762017817	1.247035159951	1.80163268041611	1.0289668371522e-23	7.9418436417877e-23
KLHL6	0.616721080178174	1.30718690244989	1.08377536826267	4.06613237852255e-45	8.47017222506057e-44
PRDM1	2.29390738349666	4.61956682316258	1.00995043273011	8.62964790689223e-74	6.64924177644122e-72
S1PR1	5.09321084276169	10.8097056585746	1.08567989335745	2.71342965956124e-48	6.4555823883e-47
DOCK2	1.27754849434298	2.77735780244989	1.12033499383793	5.30829346656275e-51	1.42546074653579e-49
FOLR2	3.96145540356347	9.68799954766147	1.2901682366221	1.31576406543559e-42	2.38863139108059e-41
OLFML1	2.09481493723831	5.61354157461025	1.42208845493845	4.44301383240614e-126	6.02517105812597e-122
CEMIP	1.80791070374165	4.37480292757238	1.27489460712799	5.53704518248397e-29	5.39037112129685e-28
CADM3	0.577358838946548	1.34478857552339	1.2198392097405	1.22067536217643e-25	1.02881159642477e-24
CR2	0.539560249164811	1.82594739636971	1.75878923324686	3.53933995436642e-06	7.68074717893471e-06
KLHL4	0.089403930766147	0.200532771625835	1.16542785722469	1.65784086952664e-51	4.56023935733281e-50
HMCN2	0.0954519567839644	0.304550263821826	1.6738336756029	5.46380837717735e-47	1.23697337901339e-45
LAX1	0.674491921861915	1.56967245020045	1.21859046783604	3.97378110755465e-33	4.59799023886934e-32
ANGPT4	0.0508942257104677	0.123446082465479	1.2783071662758	7.489374610418e-35	9.36931818190761e-34
MAB21L1	0.25727662708686	0.620628314120267	1.27040911864329	9.1439667543566e-53	2.6439516664356e-51
B3GALT2	0.0621382978908686	0.137654103919822	1.14749299362112	7.31522078359305e-34	8.71719763148553e-33
XPNPEP2	0.169388743262806	0.505586684164811	1.57762046370278	8.97233740385591e-46	1.91612389816835e-44
CIDEC	1.88485181514699	6.58764028541871	1.80531067467283	2.50402517429831e-13	1.01728835795864e-12
CACNA1G	0.0910430734276169	0.206985776971047	1.18491047032397	1.10275954966101e-36	1.51822560943685e-35
MMP27	0.0461454603741648	0.138157177387528	1.5820498806094	1.28219990845134e-44	2.59521088932965e-43
PGM5	0.611352791623608	1.4705212745657	1.26625059896656	1.0265589167953e-43	1.97463340009377e-42
ABCB5	0.0262399079175947	0.0746373785144766	1.50813565817511	8.36410839390292e-25	6.77977728211103e-24
ADH1A	0.0202377273429844	0.0576504125167038	1.51028364378775	2.84001709513676e-15	1.33588178380678e-14
TWIST2	1.31938879538975	2.89730238596882	1.13484050550025	3.47429692656052e-58	1.2597577706173e-56
IL10RA	2.75062845300668	5.69289011514477	1.04939997521228	1.11081221079178e-43	2.13065408635747e-42
IL1RL1	0.112044992959911	0.300623681988864	1.42388048427763	1.66739435787703e-56	5.52849263744998e-55
PRKCB	0.578124177169265	1.44365728521158	1.32027698423673	1.86138562277647e-33	2.17981437223417e-32
FREM1	0.184459115104677	0.531084577249443	1.52564055200778	2.70323650825683e-41	4.65801655507889e-40
DAB2	6.8676309935412	14.1478997995546	1.04270347779512	4.26451365217634e-106	3.85540464247756e-103
LEPR	0.715685640868597	1.43589573334076	1.00455305297664	6.06303707229582e-32	6.65755835930394e-31
CHRDL1	2.00622578619376	6.56567374044098	1.7104590817339	9.12383017779351e-26	7.75239730833695e-25
PRDM8	0.217968679496659	0.484980943563474	1.15380721517784	6.44693271732378e-75	5.14275615174281e-73
CLEC9A	0.121714999839644	0.252097822873051	1.05047668608964	1.4134273183681e-20	9.21957088234238e-20
LHFPL6	10.1076030581292	21.6387254521158	1.09817461158502	5.14255898993324e-77	4.77659194948525e-75
ARHGAP20	0.210632927040089	0.545041960378619	1.3716363186457	1.3987387894225e-80	1.58069139361321e-78
MUC7	0.151272449674833	0.636763274467706	2.07360786810512	5.51837660786377e-05	0.000104693208141075
C1S	36.4093843429844	75.8899025167038	1.05959759549493	1.9369740550588e-93	5.15045199228478e-91
AVPR2	0.282872098915367	0.612216467383073	1.11389196741063	5.01042301374301e-21	3.36534653241055e-20
CORO2B	0.584423089685969	1.24452151485523	1.09050608823209	1.390937025792e-58	5.13964496097147e-57
MS4A6A	4.69273647327394	9.45149097772829	1.01011248697382	1.04133095119156e-56	3.48678741459475e-55
CTGF	95.2041561714922	216.110141314031	1.18267031316952	3.24010735758565e-61	1.39489193257838e-59
COL3A1	326.952497318486	1096.18915184855	1.74534381462475	2.15742195665084e-97	8.12688865392834e-95
RASGRP4	0.306790881514477	0.61964725545657	1.01419156746494	3.32045936220159e-69	2.04676133685526e-67
ANTXR1	18.2006195151448	45.8776658507795	1.33380443433536	1.14948497373866e-76	1.04618561938725e-74
FCRL6	0.326572221476615	0.687793927371938	1.07457429896994	1.5696659486286e-22	1.14627215508518e-21
PNOC	0.236111454712695	0.527323427977728	1.1592200601592	1.04383981457659e-31	1.13425574723342e-30
FAT4	0.421518461231626	1.02346324783964	1.27979157334738	5.33765859337386e-72	3.82984064469539e-70
COL12A1	28.4707317138085	75.205720596882	1.40136283445968	9.65117921164591e-66	5.11248598785665e-64
TLR7	1.183772434098	2.77192459487751	1.22749624515112	8.51761334325867e-57	2.88048265705563e-55
HAS1	0.293337750305122	0.614461720663697	1.06676039055795	4.06043461476479e-24	3.18654825294128e-23
MMP2	48.6125086414254	152.178059420935	1.64636087913584	1.43124598555842e-108	1.94091268101577e-105
ADH1C	0.593378559601336	1.1922122433363	1.00661638981399	1.13569418417681e-20	7.46903435093197e-20
GLIS1	0.224385708262806	0.463450967394209	1.04643592167161	2.03956433244485e-42	3.66824030666905e-41
PLAC9	2.13977208752784	5.34190675144766	1.31989765269111	3.04452143658442e-40	5.03497014652699e-39
MRGPRF	1.05111178014922	2.82528762516704	1.42648164651321	3.35598266985461e-75	2.70895720154157e-73
SPOCK3	0.0440637841625835	0.145669721280624	1.72503572887417	2.68956507489883e-09	7.90832436702147e-09
COL10A1	20.4377935723073	66.5510633394209	1.70322226350848	2.88822844650024e-59	1.11270641940312e-57
COL6A2	100.366230514477	232.967491937639	1.21485471865972	4.12675860276625e-71	2.82641279859157e-69
CD300LG	0.274982006951002	0.929293904933185	1.75679772444458	7.75180526433225e-18	4.32423822252611e-17
SAMD3	0.138643000832962	0.30754291701559	1.14941296368949	8.12171911253376e-32	8.86071061022287e-31
IFFO1	1.25764441536748	2.53908553095768	1.01358491976145	1.12161980473416e-80	1.27817530857142e-78
CRHBP	0.110328908171492	0.225739558374165	1.03284840443602	6.39598162154455e-33	7.30715305558262e-32
RGS13	0.0698990705412027	0.157426026628062	1.17132889858058	2.70558730580525e-39	4.19799421670766e-38
KRT1	0.968591972908686	17.7062597328174	4.19222663257751	3.52428795328264e-14	1.52595366968282e-13
ISLR	39.5205161084633	79.9232863697105	1.01601411903458	5.8285273065066e-64	2.85345338640924e-62
ADAMTS16	0.999270239173719	2.76760652173274	1.46969205227953	1.19895016222296e-51	3.32494133944899e-50
CD8A	2.80667711133408	5.65306588552339	1.01017041008312	1.09279717983124e-21	7.66257629560054e-21
CFH	3.57767061599109	9.35322544097995	1.38644339182507	3.92640837146109e-108	4.84054762958035e-105
GPC6	1.96248122634744	3.92588420821826	1.00033876909996	3.33370134739733e-46	7.25655280450324e-45
CD248	12.2459647044543	25.8504693429844	1.07788404440501	6.36858919901684e-67	3.46845133043644e-65
HSPG2	11.7886675804009	24.0699671329621	1.02983350558522	1.67810927525235e-63	7.98485609884109e-62
ADAMTS6	0.290716336458797	0.621297360512249	1.09567178093701	3.14035857417869e-60	1.30633136884777e-58
CLEC10A	1.07114405500668	2.68948332282851	1.3281765260322	1.51746655045628e-24	1.21549698114221e-23
LGALS12	0.755695009699332	1.62334454005345	1.10309323026187	1.61315837401568e-13	6.63513518654129e-13
DIRC1	0.106491713305122	0.263650414209354	1.30788509234066	8.83594251126117e-45	1.80186791571748e-43
NUGGC	0.190772915844098	0.430098080632517	1.17280932756576	6.19155414360123e-33	7.07956709455112e-32
BNC2	0.49187213247216	1.50752879510022	1.61583033400868	8.27312782838741e-104	6.59952273416245e-101
STAB2	0.0499756037928731	0.106084018899777	1.08591143435936	5.13063955255283e-13	2.03143366342099e-12
ABCA9	0.267952840723831	0.839546596347439	1.64763128857728	1.30276647309222e-57	4.61274572887822e-56
ACKR1	5.52854816006904	16.1439205463408	1.5460184069064	7.72829540927633e-23	5.73766761750961e-22
SLFN12L	0.219568778743875	0.479253555857461	1.12611620906672	1.67594711018912e-30	1.7375778869476e-29
F2R	12.9535344407572	26.5481299910913	1.03526444477774	1.47963061651402e-70	9.93330237155773e-69
LRRC32	6.96064888262806	15.7234918262806	1.17562793484464	8.48309966852711e-88	1.5545853324986e-85
MMP3	4.31191835089532	10.9766893112918	1.34804122240705	6.15818860404883e-45	1.27109886848563e-43
GZMM	1.20736432374165	2.54034359011136	1.07316256272946	2.11446424454025e-18	1.21966182986858e-17
DPYSL3	14.560888963029	34.135886532294	1.2291907833262	6.76997033972592e-97	2.41598862571114e-94
CD226	0.177330519024499	0.361060418552339	1.02579942369604	7.40892279014452e-36	9.63302032187438e-35
GLI1	0.229461941412027	0.521583030868597	1.18464204594245	1.27800854892695e-30	1.33213481414284e-29
PYHIN1	0.450197065710468	0.978227530066815	1.11961341309184	6.03123895120132e-28	5.67195779592518e-27
ANTXR2	2.57749410244989	5.17106232739421	1.00449156731668	7.42879757000927e-94	2.05595762952848e-91
TSPAN7	2.21926749242762	4.48863570467706	1.01619344390575	1.69331752078447e-29	1.68970411327139e-28
ASPA	0.141001610714922	0.313707861737194	1.15371004140437	1.03337997215327e-34	1.28095665469566e-33
FST	4.70872336173719	9.50783393808463	1.01378073911996	4.33095879513901e-48	1.02320787841255e-46
LRFN5	0.102104722095768	0.222226753022272	1.12198291877226	1.35805151984717e-44	2.74464033690722e-43
AICDA	0.027463312844098	0.273096797708241	3.31383482688737	1.11552579716897e-15	5.39887413826139e-15
CPA1	0.0216562397683742	0.0525502638908686	1.27891524332588	1.49948451453387e-13	6.19576767263675e-13
CD96	1.07227091123385	2.21565187258352	1.04706176879127	1.09122030741089e-29	1.10186437742361e-28
MSR1	4.08272037149221	8.40909531959911	1.04241983885509	2.36391008243005e-50	6.15297209747292e-49
CNTN1	1.10437883159465	2.69096369075724	1.28488778463441	9.18577934994403e-50	2.31970863621212e-48
FGF7	0.803514960730512	2.19686279799555	1.45104798011096	4.15275637359332e-75	3.33227983327213e-73
ADIPOQ	2.65171967674165	10.3824332907751	1.96914442628014	4.74948299663106e-19	2.86002393060896e-18
LILRA4	0.501305065801782	1.05121277641425	1.06829399729123	3.84446685029407e-26	3.31435568702084e-25
FCRL1	0.143934618209354	0.499595491146993	1.79534683531964	6.73116289580431e-13	2.63362088949805e-12
ATP1A2	0.535265283396437	1.1212781012049	1.06681815258381	1.48654222699773e-17	8.12535233386385e-17
ASPN	18.4371326565702	84.6143105670379	2.19828737747255	8.76317523408005e-76	7.29063922388709e-74
JAM2	1.81856994454343	3.95082429777283	1.11934927301056	6.45817550176092e-68	3.74270589655469e-66
SUCNR1	0.461354164075724	0.932897625523385	1.01584409287734	2.49074008488867e-24	1.97410440041936e-23
GPD1	2.2759895295412	7.41266120124722	1.70349765323217	1.20886525139368e-13	5.02711489547675e-13
ABCA8	0.312467527180401	1.10313469717817	1.81983078825007	1.64331098103145e-45	3.46577608301205e-44
IL33	2.16688663088864	5.61272722556125	1.37307827188204	1.37449148048775e-26	1.21192971176166e-25
VGLL3	0.753850424498886	1.98302960650557	1.39535601292281	1.67575665084679e-79	1.74807199554872e-77
DNASE1L3	0.24375156113363	0.556188436071269	1.19016229057566	1.1865041893682e-22	8.75418025681293e-22
GABRB2	0.103151856164811	0.218266879902004	1.08132344851308	3.43183193899083e-30	3.50973400638421e-29
EOMES	0.480365698296214	1.11778094804009	1.21843244976391	1.93571571442118e-25	1.62138609038083e-24
FSTL1	24.9855520621381	62.8579652783964	1.33100147750088	1.87788461075489e-111	3.63799902949244e-108
SCT	1.16867023861915	2.35661048772829	1.01184541762776	2.57508452495119e-31	2.75617373661114e-30
MSRB3	4.19406761639198	10.0493646280624	1.26068226403218	9.99424094145315e-88	1.80709201876062e-85
SELP	1.35843343836303	3.68984121065256	1.44161485546577	7.66754842341579e-31	8.06668922963084e-30
WISP1	2.74065809318486	8.30281657349666	1.59907846842978	1.8365862261781e-101	1.08286720926962e-98
LYVE1	0.518814773318486	1.41686286258352	1.44940866109668	1.2245930545572e-36	1.67744509220709e-35
MYL2	0.0336681736414254	0.246940509418708	2.87470615498277	2.43748719075477e-12	9.11352737629596e-12
CCL19	18.2509325927171	39.3509695053007	1.10842899518911	1.19634162391596e-16	6.18748617922362e-16
AMPD1	0.126308711069042	0.311896257042316	1.30411209936193	4.59156168349496e-25	3.77142144093732e-24
CRISPLD2	6.04536766296214	17.330535922049	1.51941428039176	2.15770710400787e-103	1.46303330187254e-100
PTGDS	5.78390048140312	16.074378323608	1.47464830801497	2.46794317974691e-29	2.44468790800203e-28
IL12B	0.0857773851180401	0.175326323342984	1.03137337545055	1.00714411796601e-12	3.88559925568622e-12
SHISA3	0.0933127935055679	0.291962729155902	1.64563741372219	9.21603554655082e-14	3.86691392471459e-13
AKR1B15	1.38713771557016	3.75533985901114	1.4368324517438	1.44831022958086e-06	3.2777928944169e-06
P2RY12	0.449342450042316	0.989803178828508	1.13932631371502	2.65955684659679e-38	3.93306983606315e-37
TESPA1	0.462206720416481	1.04137511131403	1.17187969044912	2.60234057015665e-38	3.85265725675702e-37
IL21R	0.657491663184855	1.43077597300668	1.12175328984568	7.01672513884907e-44	1.35740099298049e-42
GZMK	2.33791721383073	5.95098156993318	1.34790380519094	1.85905633448907e-28	1.78167229342801e-27
CD52	16.2447081342984	50.8952672293987	1.64756168250574	3.87871971178264e-28	3.69118021133224e-27
CILP	11.9089323938307	48.0894264082405	2.01367563344059	8.57144508233201e-68	4.9253121509112e-66
NEFL	0.0981192041848552	0.264197930198218	1.42901172635232	1.13642477744315e-33	1.34476931997439e-32
MS4A2	0.478238086824053	1.19781818978619	1.32460801022579	3.65852499803595e-41	6.24066132054912e-40
PDGFRA	3.36120103232962	7.38096986191537	1.13483356701092	8.91892454062766e-91	1.86076208762233e-88
COL15A1	13.6795860554566	29.0141795033408	1.08473355635854	1.5370788794153e-82	2.02372103725737e-80
HSD17B13	0.0743826547037862	0.178320748886414	1.26143643703871	2.17705356691803e-25	1.81904026007242e-24
HSD11B1	1.26749525761693	2.56270092670379	1.01568477317005	5.84947095896062e-30	5.93303482980291e-29
LRCH2	0.286294100218263	0.614478820926503	1.10186534605322	1.93478782543242e-85	3.08678325890459e-83
DACT3	0.71295185518931	1.49502971670379	1.06829759960521	4.99673577288054e-70	3.22670161028729e-68
CA4	0.0941195867772829	0.399079538812918	2.08410942072085	4.75264293151576e-14	2.04022129769817e-13
DOCK11	1.86692342436526	4.15368291492205	1.15372833377736	4.00430835030737e-73	2.96734565784253e-71
SELPLG	7.9385027636971	15.9932914632517	1.01052804042199	2.98797442983014e-61	1.29044335168556e-59
PLA2G2D	1.49317176345212	3.37109361234967	1.17483655826889	5.66064836714653e-12	2.05471232620113e-11
SLC38A5	1.53662651770601	3.2403044142539	1.07636279947331	8.0200388819923e-56	2.60814741675534e-54
FAT3	0.0560312984187082	0.158568991412027	1.50080584599115	4.04459166494296e-68	2.35402178404684e-66
PHYHIP	0.25455185357461	0.581269228948775	1.1912469667087	5.88671530573075e-36	7.72795220338961e-35
ADH1B	2.62061708367929	10.3241293115546	1.97804164455011	2.89520421934711e-22	2.08396307954173e-21
HIC1	0.833695599844098	1.76004630957684	1.07802076292679	6.17234366419374e-65	3.17057395568679e-63
FOSB	6.21170758351893	15.3225127634744	1.30259108505413	1.41217169774349e-14	6.31611490537581e-14
PREX2	0.495714331915367	1.07961399091091	1.12293470297517	2.01027764050794e-50	5.28321222537368e-49
PLA2G5	0.26251147177951	0.558476339977728	1.08911569169859	5.25987212993263e-49	1.28520947664894e-47
C1QTNF7	0.185366286233853	0.663811496948775	1.84039474099383	5.78150269964924e-51	1.54946557529532e-49
SPOCK1	4.6489345289755	11.6110319082405	1.32052418104853	1.85439294485308e-63	8.76216819691729e-62
MS4A6E	0.0266063676414254	0.118891115679287	2.15979744243067	2.91659951825026e-08	7.85073562266609e-08
RARRES2	13.7984222080178	31.1963534857461	1.17687409331275	7.16726763975616e-61	3.03735363946042e-59
ADAMTS12	2.94648343585746	6.9657554311804	1.24128566468929	1.34745973924516e-63	6.43412025489564e-62
SRPX2	5.7468939155902	12.0820520801782	1.07201118729867	2.58664711755075e-69	1.6017133132925e-67
MAP1LC3C	0.204095903064588	0.65989139596882	1.69298138460667	7.85231735598141e-46	1.6822318430405e-44
ITGA11	4.20448068552338	11.9004927710468	1.50102179054392	3.80620493091126e-60	1.57365686183194e-58
PTH1R	0.370752074877506	1.16089198135857	1.64670706688864	2.22443184867085e-70	1.45727151206886e-68
ZEB1	2.53071668507795	6.03136326035635	1.25293812316652	2.38385953798449e-96	8.08187979865192e-94
TNFRSF13B	0.133446911053452	0.286459816739421	1.10206686732116	1.07562490602624e-19	6.6849447069761e-19
PLPP7	0.548451200267261	1.19878945746102	1.12814313722258	1.6606508078305e-80	1.8611640995859e-78
CD69	1.40445264979955	3.213652717951	1.194206047428	1.1436093168457e-32	1.28915095143346e-31
FNDC1	7.56561251160356	17.1634998841871	1.18181497627967	9.5353209268779e-64	4.58540734359543e-62
NRK	0.477935238861915	0.97948151477951	1.03520312203838	8.8975527263184e-32	9.69154317442601e-31
PLD4	0.75697071792873	1.53340416318486	1.01842860357054	6.35342075781858e-34	7.58439602964593e-33
LTBP2	13.784356596882	29.1735157683742	1.08162733003877	7.83793401550695e-72	5.56493315100993e-70
LYZ	69.3293520712695	141.284072868597	1.02706065524876	7.60809229166093e-27	6.79666268558721e-26
CTSK	57.4522220222717	178.501977639198	1.63550546134907	2.50741115904932e-111	4.25037534098348e-108
ACVR1C	0.158252679416481	0.360784410231626	1.18890707349359	4.19810829080446e-15	1.94368543979513e-14
COL5A1	25.9131087438753	70.2577070178174	1.43897438933063	1.92713091172649e-81	2.35439840485792e-79
CLEC17A	0.162428068069042	0.363574450167038	1.16244986293494	1.0943419650437e-15	5.30202621934892e-15
FCER1A	1.41241505282851	3.7677932277951	1.41555569183103	4.03969344973433e-32	4.45746809372232e-31
PCSK5	0.492322936797327	1.15270997639198	1.2273527144832	6.41368095693523e-78	6.2572609681294e-76
GXYLT2	2.86172063707127	8.55268386414254	1.5794943719779	2.66617304099395e-82	3.44342596275419e-80
SLC19A3	0.478709344770601	1.38248228891759	1.530039124156	1.35057161437397e-12	5.16500328892426e-12
CD1E	0.658846077407572	1.4525314032294	1.14055599374927	1.7208543677665e-21	1.19003090674561e-20
FCRL5	0.269075596077951	0.572749367037862	1.08989240807581	3.62083553635093e-18	2.05879038609874e-17
C16orf54	1.05848365265033	2.36187970022272	1.15793649614068	1.51334371906264e-34	1.86060327961999e-33
GNG2	1.77282005746102	3.90057534075724	1.13764083030869	1.01598638658728e-90	2.08754414977426e-88
ZFHX4	0.561366440494432	1.27088415625835	1.17881780706314	3.18674529273271e-67	1.78576251713836e-65
TIMP2	48.4690931536748	108.222640022272	1.15886534513251	1.60163813847181e-96	5.56918328097852e-94
TPSAB1	5.57056839969933	13.7900110416481	1.30772716469081	1.75766429931864e-30	1.81813009634326e-29
IGDCC4	0.395024394075724	0.80175923155902	1.02122731286091	8.73916216715976e-50	2.21932168818078e-48
PAX5	0.228326298857461	0.570174280904232	1.32030592425088	1.1525043805214e-09	3.48708431598632e-09
GALNT15	0.895313703429844	3.06183114461024	1.77392954950684	9.07713025417764e-83	1.2187620136327e-80
FAP	3.56178043616926	10.1193615367483	1.50644777838908	2.99109136179784e-98	1.22915727143456e-95
EBF1	1.17627502743875	2.62131452316258	1.15606504912488	5.66832104541771e-71	3.82428366651291e-69
C1QTNF3	3.11054701091314	8.32164101915368	1.41969974398547	2.10542758879885e-42	3.77169135161178e-41
LVRN	0.0581565441113586	0.136725683342984	1.23327082622769	6.9448967379226e-18	3.89011749950303e-17
LEP	0.514373932146993	2.5408980090245	2.30444903157586	1.7907356045169e-13	7.33882306825436e-13
WNT2	2.0808453611804	5.3619126588196	1.36557796456466	1.96527431564674e-67	1.11046187477023e-65
KRT2	0.0659396642761693	0.178026178006682	1.43287095224459	0.0193798110173819	0.026352112424217
OLFML2B	12.5679268489978	31.6632976703786	1.33306482852675	1.26177633428825e-93	3.42218977385659e-91
ECM2	2.27755292385301	7.20843546080178	1.66220158828762	7.72954056711422e-108	8.73502496921966e-105
CD3E	4.65133268988864	9.65150049175947	1.05310911823132	2.49943706969703e-27	2.276350980669e-26
ANK2	0.455955712160356	1.10874457089087	1.28196143559025	2.86118803738382e-64	1.43175538652996e-62
TSHZ2	0.841334407639198	1.89217379554566	1.16929335404395	4.79123118913854e-60	1.95116775242966e-58
ZEB2	1.08991272256125	2.54609918752784	1.22407601064047	1.06360557311011e-102	6.55616144406646e-100
OGN	5.02046063134744	10.652995875078	1.0853675637649	2.55444746834268e-58	9.36239516707975e-57
CCL14	0.296433087910913	0.809189727552339	1.44877151489009	4.37554773941924e-29	4.27190805574257e-28
GPR1	0.328468673501114	1.14247944115813	1.79834051385942	9.29143896915222e-70	5.86052110979876e-68
ARMH4	0.531804029309577	1.23042553385301	1.21019073441361	1.48983187698279e-84	2.27006854873748e-82
CAV1	12.7128110552339	26.4909807772829	1.05921818351792	4.96072896799231e-63	2.29598790221651e-61
GAS7	2.599225144098	6.82964064587973	1.39372806542391	2.99630557055628e-99	1.31073870459076e-96
MAB21L2	0.0131830170289532	0.0279270051915367	1.08298029226911	4.5530328610694e-13	1.80960371128259e-12
IGFL2	0.423435448587973	1.07028698863029	1.337783738201	7.28325648619237e-33	8.27898082223426e-32
RECK	1.52434510084633	3.83466243942094	1.33091002899799	1.48755223540636e-104	1.2607934915216e-101
CR1	0.0925641968062361	0.223713883240535	1.27312860798674	8.47477004783224e-23	6.28012877697557e-22
PECAM1	14.8953262048998	29.8816837461024	1.00440172340445	2.37472598856016e-75	1.92836282220745e-73
CSF2RB	2.29538776636971	5.21212219554566	1.18313301475663	3.05018513116643e-48	7.24405614076146e-47
TMEM119	7.51887277861915	21.5077220022272	1.51626643338489	2.41864665761993e-91	5.46654455399731e-89
METTL24	0.135906049055679	0.349056891982183	1.36085252656558	3.05644561461516e-60	1.27533719937834e-58
MAGEL2	0.13976303254343	0.398846680111359	1.51285145243097	9.2605826861149e-81	1.06426069327461e-78
SCN2B	0.0996296282717149	0.268951005342984	1.43269663591132	2.85514898415897e-50	7.38906018591217e-49
DMBT1	0.190969703596882	1.50587977068597	2.97919090489467	3.59907299024844e-10	1.1316259870336e-09
PRSS35	0.124830014501114	0.457507228775056	1.87382967685575	1.24852180156561e-27	1.14787824752754e-26
ADH4	0.0320116603207127	0.0655042297639198	1.03299056208569	1.96837810057383e-16	1.00312572047658e-15
DKK3	7.70901672583519	16.4626685256125	1.09457944590952	4.2205140191985e-64	2.07370980486778e-62
CORIN	0.345918373282851	1.05705872287305	1.61155197621683	1.55364863230774e-53	4.63055584675281e-52
CMA1	0.307887628374165	0.964926281403118	1.6480148295613	2.87549346211563e-25	2.38644839900551e-24
KCNA1	0.0464437771291759	0.112526924167038	1.27671302243733	5.4015066462883e-40	8.79349719451568e-39
LOXL1	10.6619509238307	22.6297049465479	1.08574632780293	3.43843263863739e-67	1.91100758248203e-65
COMP	22.9938454309577	67.6561280287305	1.55697285501848	6.13968612893379e-50	1.5679902748488e-48
SCML4	0.143473175986637	0.319531507004454	1.15517716017681	9.27261232979632e-25	7.48933268638284e-24
FHL1	3.3168668133853	10.0260805155902	1.59586473708044	1.48629490253003e-68	8.80159177869421e-67
CTSE	0.172967904233853	0.513298071930958	1.56929248393073	1.43361713800098e-07	3.56851725558577e-07
INMT	0.696450426013363	1.68881816142539	1.27792142929263	2.78685466890007e-35	3.54194340814938e-34
P2RY8	1.19960020077951	2.43542597772828	1.02162046582433	1.90020126215845e-37	2.6954633175869e-36
C1QTNF6	4.40745901514477	9.24126131180401	1.06814262014128	2.3727320318231e-69	1.47599170108042e-67
GPR18	0.4047459944098	0.81172715013363	1.00397806577654	9.70511959870724e-16	4.71893606590423e-15
CYTL1	0.68561537766147	1.53973338503341	1.16720918728644	1.67147590307383e-35	2.14040460071617e-34
PLIN1	3.72996245764811	12.3925269820713	1.73223738513845	2.80756258591962e-16	1.41274049082211e-15
FPR1	1.53261796184855	3.22291100734967	1.07236623363037	2.14219543695859e-47	4.94052930622371e-46
SORCS2	1.06631682848552	2.96466700318486	1.47523390639231	1.84635806649152e-63	8.75470690199004e-62
ADAMTS2	6.75521241162583	18.2617089042316	1.43474873731379	2.84663485525437e-90	5.76167392120963e-88
RUNX2	1.80511864612472	3.71682788730512	1.04197821870153	2.56767237803125e-74	2.00116121370585e-72
PARP15	0.350256578084633	0.796350209777283	1.18499087640305	2.74694069778272e-32	3.05088147441699e-31
CASS4	0.313826152138085	0.637686631069042	1.02288205408332	2.07764487930675e-46	4.56644120069349e-45
PLIN4	4.53753140097327	13.8810985846993	1.61314221880717	1.37341862815582e-11	4.84141669259711e-11
CCL23	0.184566846035635	0.397415423786192	1.10650444179557	5.75962025377792e-25	4.70519338924593e-24
TPSB2	7.60197161024499	17.7019494306459	1.21946270358936	8.95728031552711e-25	7.24327241257383e-24
MEDAG	1.94782609648107	5.22127680423163	1.42253776653733	2.35003113120319e-68	1.38559879001072e-66
SCN7A	0.173753329262806	0.526322628371938	1.5989068010788	1.88868558820542e-39	2.96784070239324e-38
WISP2	2.5203839044098	8.60921937211581	1.77223892786721	4.5215802660059e-53	1.31581866925549e-51
FGG	1.31152809064143	5.5838064807461	2.09000023466085	0.0322461647587243	0.0423854066388543
RFX8	0.278971179993318	0.579566026681514	1.05485694114178	9.109043553131e-54	2.72688166940418e-52
TMEM252	0.0390048744209354	0.107301956788419	1.45995005244424	1.51008478619058e-29	1.51242686746901e-28
TMEM273	1.06424013991091	2.31675300289532	1.1222805179176	1.60166188678142e-57	5.62697845767949e-56
NT5E	2.93950468124722	6.13768697550111	1.06212199422246	7.51706008580007e-75	5.9613363639494e-73
PCDHGA12	0.334548072262806	0.692019685412027	1.04859954666555	1.15527662112272e-67	6.61042458187561e-66
RUNX1T1	0.264633822672606	0.690921134476615	1.38452357960268	2.81922675650517e-93	7.3522180855705e-91
HSPB6	3.58221446178174	8.1976751518931	1.19436310974672	5.90187829003076e-33	6.75974421377594e-32
DCN	21.7205663432517	76.4797425612472	1.81601594652234	1.04978030087534e-119	7.11803533008524e-116
SPN	1.23784421817372	2.65632211714922	1.10160034093818	3.15503666440436e-44	6.2919782655864e-43
TLL2	0.0922873045412027	0.199263893073497	1.11047621229797	6.22580654477387e-45	1.28115572919087e-43
CTHRC1	36.9565090020045	76.9937358084633	1.0589125904127	3.17156176689585e-68	1.86188524332791e-66
GRP	3.88631239184855	8.14796000848552	1.06803702619326	1.23074136729569e-32	1.38621957490838e-31
TBX15	1.16998871579065	2.43349249799555	1.05653371157171	1.40956460496519e-79	1.4817911323979e-77
COL6A1	92.6919051158129	217.347346815145	1.22948722722541	1.51776944538593e-71	1.06095213654013e-69
PODN	5.60423433993318	17.6178534563474	1.6524489701344	8.3182058748318e-95	2.68579023496653e-92
SLAMF1	0.550739709249443	1.21071966064588	1.13642231291604	1.1436598519857e-29	1.15395619440313e-28
HTR2B	0.41528671701559	1.08712306095768	1.38833562798828	1.69819570069501e-62	7.67641063237501e-61
SSC5D	2.6642882803118	5.62214249888641	1.07736982794862	4.81484110893051e-59	1.81877605231773e-57
MYOC	0.0372919776859688	0.265261898870824	2.83048025371459	2.86135819954985e-17	1.53918597953572e-16
SLC24A2	0.257996625832962	0.897604481037862	1.79872768049508	1.21322876581884e-61	5.29022356696762e-60
GLIS3	0.550101586703786	1.16549156258352	1.08316859092425	5.40164276553307e-61	2.30351187243377e-59
SIT1	1.4371078722049	3.01107252211581	1.06710909855035	2.51360128095819e-26	2.18786565924737e-25
AEBP1	87.1780192316258	226.694666525612	1.37871411924821	1.12963857436434e-82	1.50186555950537e-80
APBB1IP	2.86763358040089	5.81882800668151	1.02086791186577	9.17122491797766e-60	3.66876050479926e-58
LRRC2	0.0766533995055679	0.167798236935412	1.13030587681511	4.41733683178118e-36	5.84424436836923e-35
TCEAL7	0.934615698619154	2.05897321534521	1.13947988716115	2.47956993233491e-56	8.1615164690276e-55
TGFBR2	13.5937595530067	33.1598220734967	1.28649175604665	2.11136684202547e-100	1.10124022095028e-97
GPR174	0.470168039198218	1.2231001501559	1.37929416299906	4.28740500433353e-28	4.06299785211509e-27
ADAMTS14	0.914156816414254	1.85566241636971	1.02142070345313	3.95654714391779e-42	7.00453470217613e-41
SFRP2	129.449947424566	383.620588614699	1.56728577144495	1.12918573738315e-83	1.62903061538861e-81
FCER2	0.283430165581292	0.706663852082405	1.31803079981553	2.77634034916924e-16	1.39754831013675e-15
NEXN	1.81429056703786	3.80854918485523	1.06983599860076	8.87581615364419e-79	8.9159216933014e-77
AKAP12	2.1490199508686	6.03204072138085	1.48896729166826	3.31593078432487e-82	4.20255489404015e-80
TNN	1.17535306814254	3.59676149579065	1.61360429858694	3.30651665352964e-44	6.5843865401638e-43
COL11A1	12.7382222446726	42.1763229198886	1.72726937328847	1.35998961952646e-40	2.271283156453e-39
CD40LG	0.547279125772829	1.23691016580624	1.17639198852201	5.9178559111918e-29	5.75696155033515e-28
MASP1	0.0289659116659243	0.0682214840155902	1.23587006535313	1.58862193841906e-26	1.39529158723451e-25
TCL1A	0.581213782155902	1.25764468403341	1.11358356377709	4.57496531525131e-08	1.2079654330242e-07
LRRC17	3.11642495438753	9.20883475723831	1.56312664390234	3.51760214269486e-52	1.00214711464464e-50
ZNF366	0.38620625067706	0.840780508262806	1.12235770959019	4.25721913184128e-47	9.68660212196302e-46
GLI2	0.377574716247216	0.895874467037862	1.24653443121658	3.11109543147856e-76	2.72190742879231e-74
CSDC2	0.435767366158129	1.04142444615367	1.25692811297413	7.19508207018925e-47	1.62350262818363e-45
